???Right;invalid_hand;
???Right;invalid_hand;
???Right;invalid_hand;
???Right;invalid_hand;
???Right;invalid_hand;
???Right;invalid_hand;
???Right;invalid_hand;
???Right;invalid_hand;
???Right;invalid_hand;
???Right;invalid_hand;
???Right;invalid_hand;
???Right;invalid_hand;
???Right;invalid_hand;
???Right;invalid_hand;
???Right;invalid_hand;
???Right;invalid_hand;
???Right;invalid_hand;
???Right;invalid_hand;
???Right;invalid_hand;
???Right;invalid_hand;
-8.809142E-21;2.599998;-5.746268E-20;0.4977095;0.5022801;0.4958968;0.5040699;0.2155345;2.578049;0.2292335;0.5366553;0.6661464;0.4885536;0.1719458;0.2325222;2.646313;0.1979542;0.6851103;0.696458;-0.200504;0.07326811;0.2309686;2.674763;0.1863652;0.4468279;0.8656723;-0.2245865;0.02274445;0.2172379;2.692242;0.180868;0.4468279;0.8656723;-0.2245865;0.02274445;0.204245;2.67247;0.242327;0.4763646;0.7255309;0.3876443;0.3105055;0.1907735;2.708004;0.2392294;0.4274514;0.7553962;0.3664042;0.3352759;0.1820884;2.726898;0.2351323;0.3345869;0.8013489;0.3255281;0.3740631;0.1740665;2.739502;0.2289625;0.3345869;0.8013489;0.3255281;0.3740631;0.1896148;2.663452;0.2528082;0.4721418;0.6643243;0.5311201;0.2316611;0.1705537;2.70071;0.2610725;0.3859394;0.7177487;0.4993766;0.2941273;0.1573399;2.721882;0.2601544;0.3623928;0.7299402;0.4898037;0.3097604;0.1475676;2.736797;0.258413;0.3623928;0.7299402;0.4898037;0.3097604;0.1762497;2.649342;0.2590719;0.4565156;0.6352714;0.601376;0.1623911;0.1552709;2.680004;0.2726274;0.4040413;0.6696848;0.5869948;0.2090708;0.1410325;2.699116;0.2773482;0.3245193;0.7115291;0.5601634;0.2731861;0.1289538;2.713604;0.2768729;0.3245193;0.7115291;0.5601634;0.2731861;0.1634794;2.634918;0.2606113;0.4259553;0.5558293;0.7123869;0.04605505;0.1435631;2.651886;0.2780985;0.3496221;0.6051135;0.7028522;0.1326687;0.1312242;2.662327;0.2837667;0.2979711;0.6316864;0.690638;0.1876291;0.119636;2.672119;0.2864561;0.2979711;0.6316864;0.690638;0.1876291;
-8.809142E-21;2.599998;-5.746268E-20;0.4977095;0.5022801;0.4958968;0.5040699;0.2005375;2.585911;0.2395851;0.4576939;0.6856787;0.5299966;0.1986574;0.2149779;2.65641;0.2136339;0.7158903;0.6817273;-0.1082871;0.10499;0.2163623;2.684471;0.2048558;0.6096553;0.7757277;-0.1310723;0.0968875;0.2111318;2.704712;0.1980364;0.6096553;0.7757277;-0.1310723;0.0968875;0.1777166;2.678623;0.2487351;0.4889536;0.6838313;0.4442922;0.3096834;0.1655233;2.713493;0.2491385;0.3917723;0.7439995;0.4001962;0.3644478;0.1566341;2.731686;0.24438;0.3158906;0.7797016;0.3633086;0.4003568;0.1490128;2.744129;0.2381098;0.3158906;0.7797016;0.3633086;0.4003568;0.162966;2.668354;0.2580965;0.4914486;0.6208155;0.5677391;0.2252527;0.1457409;2.704247;0.269635;0.4042665;0.6806479;0.5336912;0.2974237;0.1336023;2.725471;0.2702864;0.3492791;0.7104679;0.5091003;0.3377224;0.1242618;2.740337;0.2680883;0.3492791;0.7104679;0.5091003;0.3377224;0.150314;2.652946;0.2630686;0.4575996;0.6139679;0.6191825;0.1739521;0.1302971;2.682823;0.2766419;0.3647422;0.6732199;0.5880772;0.2605825;0.1160343;2.701839;0.2785055;0.307294;0.701305;0.5644214;0.308497;0.1045317;2.716278;0.2769156;0.307294;0.701305;0.5644214;0.308497;0.1391259;2.636978;0.2641858;0.4003987;0.5644507;0.7187691;0.06668891;0.1187354;2.653641;0.279402;0.2948772;0.6260818;0.6957927;0.1922022;0.1060674;2.664364;0.2822602;0.2241953;0.654706;0.6703565;0.267804;0.09473338;2.674149;0.2815093;0.2241953;0.654706;0.6703565;0.267804;
-8.809142E-21;2.599998;-5.746268E-20;0.4977095;0.5022801;0.4958968;0.5040699;0.1956645;2.585583;0.2315507;0.4392015;0.6886201;0.5427432;0.1957914;0.2087321;2.655727;0.2070047;0.7201934;0.6793982;-0.08820351;0.1093632;0.2105341;2.683933;0.1988994;0.6219102;0.7688144;-0.1081153;0.1022922;0.2060192;2.704453;0.1924901;0.6219102;0.7688144;-0.1081153;0.1022922;0.1698444;2.677208;0.2406101;0.4812569;0.678607;0.4570084;0.314687;0.1573452;2.711922;0.2410818;0.3974668;0.7309331;0.417481;0.3653312;0.1486828;2.730328;0.2368823;0.3332668;0.7625365;0.3852243;0.398841;0.1413926;2.743259;0.2313082;0.3332668;0.7625365;0.3852243;0.398841;0.1549553;2.666691;0.2494187;0.4803202;0.6173199;0.5802253;0.2270409;0.1369266;2.702148;0.2608894;0.4017743;0.6710039;0.5488889;0.2950462;0.1246378;2.723232;0.2619912;0.3466418;0.7010871;0.5237726;0.3376077;0.115243;2.738068;0.2600433;0.3466418;0.7010871;0.5237726;0.3376077;0.1423635;2.651077;0.2538733;0.4505393;0.6077771;0.6306847;0.1727946;0.1218548;2.680466;0.2676246;0.3644319;0.6628633;0.6021433;0.2553924;0.107478;2.699287;0.2700123;0.3152589;0.6876012;0.5822324;0.2980305;0.09594131;2.71373;0.2692215;0.3152589;0.6876012;0.5822324;0.2980305;0.1313546;2.634979;0.2544942;0.3961147;0.5549513;0.7295886;0.05313151;0.110678;2.650692;0.2702638;0.2918849;0.6151477;0.7108618;0.1762737;0.09777055;2.660946;0.2735959;0.2234122;0.6430365;0.6887357;0.2494688;0.08615557;2.670395;0.2733997;0.2234122;0.6430365;0.6887357;0.2494688;
-8.809142E-21;2.599998;-5.746268E-20;0.4977095;0.5022801;0.4958968;0.5040699;0.1956098;2.582508;0.2258676;0.4334509;0.6897823;0.5479066;0.1900499;0.2082098;2.65324;0.2031852;0.7292918;0.6721229;-0.07094322;0.1065431;0.2107542;2.681652;0.1959236;0.66234;0.7376244;-0.08305688;0.101576;0.2085116;2.70277;0.1902088;0.66234;0.7376244;-0.08305688;0.101576;0.1679721;2.673531;0.2355998;0.4687547;0.6824811;0.4642527;0.3145768;0.1545778;2.707954;0.2358165;0.3865452;0.7321571;0.4243878;0.3666389;0.1455888;2.726192;0.2314757;0.3297059;0.7594227;0.3951608;0.3980198;0.1381961;2.739136;0.2260161;0.3297059;0.7594227;0.3951608;0.3980198;0.1531882;2.662655;0.2441802;0.4723368;0.6184893;0.5865006;0.224468;0.1344076;2.697792;0.2556385;0.392859;0.671773;0.5545833;0.2946531;0.121741;2.718704;0.2566141;0.3464631;0.6968344;0.5333854;0.3314896;0.1121801;2.733509;0.254979;0.3464631;0.6968344;0.5333854;0.3314896;0.1408862;2.646748;0.2484087;0.4395873;0.6102296;0.6375191;0.1671899;0.1194624;2.675549;0.2621033;0.3583003;0.6613031;0.6107872;0.2474636;0.1046681;2.694046;0.2647345;0.3107205;0.6849551;0.591664;0.2902126;0.0928442;2.70829;0.2641811;0.3107205;0.6849551;0.591664;0.2902126;0.1302312;2.630394;0.2488429;0.3949104;0.5513382;0.7338147;0.03984797;0.1094129;2.645409;0.265124;0.3033004;0.6057499;0.7198688;0.1512112;0.09644979;2.655254;0.2693898;0.2360112;0.6347995;0.7002341;0.2258334;0.08466636;2.664482;0.270046;0.2360112;0.6347995;0.7002341;0.2258334;
-8.809142E-21;2.599998;-5.746268E-20;0.4977095;0.5022801;0.4958968;0.5040699;0.1947618;2.575199;0.2185166;0.4262565;0.6811702;0.5657489;0.1850427;0.2077834;2.647461;0.1989923;0.733438;0.6712462;-0.04647887;0.09662899;0.2105686;2.676193;0.1931647;0.6736407;0.7308697;-0.05646577;0.09407312;0.2089247;2.697624;0.1884657;0.6736407;0.7308697;-0.05646577;0.09407312;0.1657993;2.665802;0.2305732;0.45547;0.6811541;0.4814803;0.3110518;0.1513326;2.699795;0.2311229;0.3600618;0.7361083;0.4357989;0.372263;0.1416903;2.717567;0.226252;0.2884574;0.7671231;0.398743;0.4114838;0.1338292;2.729809;0.2198785;0.2884574;0.7671231;0.398743;0.4114838;0.1511064;2.65435;0.2385395;0.4576813;0.6162596;0.6015303;0.2211631;0.1310778;2.688759;0.2500649;0.3695539;0.6728446;0.5656932;0.3011668;0.1177345;2.709259;0.2503799;0.3143574;0.7003443;0.5396279;0.3456869;0.107765;2.723652;0.2478155;0.3143574;0.7003443;0.5396279;0.3456869;0.1390816;2.638062;0.2420531;0.4254436;0.6065487;0.6504922;0.1672024;0.116721;2.666241;0.2555248;0.3359756;0.660446;0.6200612;0.2577903;0.1014374;2.684433;0.2573397;0.2809632;0.6856639;0.59671;0.3079978;0.08935573;2.698376;0.2557276;0.2809632;0.6856639;0.59671;0.3079978;0.1287863;2.621483;0.2417816;0.388789;0.5417161;0.7444991;0.03328845;0.1076521;2.635788;0.2582785;0.29106;0.5995851;0.7286158;0.1578007;0.09451836;2.645527;0.2622305;0.2241347;0.6276184;0.7074922;0.2351887;0.0827046;2.654724;0.2625587;0.2241347;0.6276184;0.7074922;0.2351887;
-8.809142E-21;2.599998;-5.746268E-20;0.4977095;0.5022801;0.4958968;0.5040699;0.1956352;2.571033;0.216245;0.4081945;0.6777334;0.5828881;0.1851921;0.2073601;2.64299;0.1973864;0.7305257;0.6749868;-0.0389436;0.09596036;0.2098847;2.671803;0.1918987;0.6649927;0.7391523;-0.05028094;0.09439587;0.2077354;2.693211;0.18736;0.6649927;0.7391523;-0.05028094;0.09439587;0.1646796;2.660759;0.22842;0.4457873;0.6829841;0.4848036;0.3158672;0.1497949;2.694561;0.2284491;0.3501075;0.7367572;0.4391114;0.3765568;0.1399971;2.712162;0.2233063;0.2784089;0.7669945;0.4020069;0.4154494;0.1320644;2.724243;0.2167438;0.2784089;0.7669945;0.4020069;0.4154494;0.1500125;2.64912;0.2361472;0.4504508;0.6164436;0.6063738;0.2222669;0.1294852;2.683304;0.2474292;0.35908;0.6737412;0.569254;0.3050981;0.1158894;2.703629;0.2473734;0.3038845;0.7003839;0.54308;0.3495446;0.1057899;2.717873;0.2445512;0.3038845;0.7003839;0.54308;0.3495446;0.1380997;2.632702;0.2394149;0.4173597;0.6072257;0.653866;0.1718931;0.1153401;2.660805;0.2523611;0.3249769;0.6613139;0.6219552;0.265002;0.099893;2.678898;0.2536419;0.2693871;0.6858382;0.5979539;0.3154489;0.08775066;2.692722;0.2515956;0.2693871;0.6858382;0.5979539;0.3154489;0.1279584;2.616035;0.2389142;0.3848978;0.5382481;0.7493313;0.02539958;0.1066138;2.629784;0.2556123;0.2825683;0.5978065;0.7336996;0.1564217;0.09330253;2.639328;0.2594412;0.2118898;0.6262655;0.7114014;0.2383326;0.08137359;2.64838;0.2594854;0.2118898;0.6262655;0.7114014;0.2383326;
-8.809142E-21;2.599998;-5.746268E-20;0.4977095;0.5022801;0.4958968;0.5040699;0.1961635;2.56855;0.213581;0.4053839;0.6585537;0.6049485;0.189759;0.2096877;2.641872;0.1983582;0.727574;0.679185;-0.01722655;0.09511711;0.2119479;2.670849;0.1938207;0.6531075;0.7504082;-0.03123536;0.09676196;0.2091318;2.692253;0.1897337;0.6531075;0.7504082;-0.03123536;0.09676196;0.1655094;2.658276;0.2286454;0.4370017;0.6731663;0.5036884;0.3196482;0.1502495;2.691853;0.2290099;0.3349096;0.7295134;0.4533731;0.3874264;0.1403816;2.709286;0.2235812;0.256376;0.7609851;0.4109301;0.4316363;0.1325242;2.721088;0.216511;0.256376;0.7609851;0.4109301;0.4316363;0.1507317;2.646252;0.2354735;0.444104;0.6027105;0.6245015;0.2225083;0.1297742;2.679897;0.2473263;0.3466581;0.6635259;0.5833699;0.3150265;0.1160756;2.7001;0.2469945;0.2887168;0.6907238;0.554462;0.3634773;0.106031;2.714256;0.2437829;0.2887168;0.6907238;0.554462;0.3634773;0.1388815;2.629631;0.2377796;0.417708;0.588851;0.6712267;0.1680155;0.1160766;2.65715;0.251698;0.3196109;0.6474345;0.6360081;0.2723445;0.1006812;2.675232;0.2529798;0.2606654;0.6733241;0.6090581;0.3282332;0.08869464;2.689106;0.2506793;0.2606654;0.6733241;0.6090581;0.3282332;0.128919;2.61293;0.2363325;0.3898948;0.5127025;0.7649305;6.142259E-05;0.1077922;2.625069;0.2544382;0.2880368;0.5752167;0.7530047;0.1383654;0.09442827;2.634132;0.25905;0.2138363;0.606519;0.7307025;0.2290917;0.08241044;2.643017;0.2595673;0.2138363;0.606519;0.7307025;0.2290917;
-8.809142E-21;2.599998;-5.746268E-20;0.4977095;0.5022801;0.4958968;0.5040699;0.1973585;2.567303;0.2161572;0.3798108;0.6726629;0.6038945;0.1964177;0.2090366;2.640892;0.1996846;0.7165834;0.6888328;-0.002100259;0.1096063;0.2105366;2.669907;0.1951569;0.6344614;0.7644333;-0.0188228;0.1128993;0.2068167;2.691113;0.1908429;0.6344614;0.7644333;-0.0188228;0.1128993;0.1630906;2.656132;0.2282473;0.4088297;0.6766956;0.5109177;0.3374981;0.1469468;2.68924;0.2268102;0.3084524;0.7282753;0.4596258;0.404001;0.1369263;2.706253;0.220489;0.2285717;0.7576971;0.4148482;0.448945;0.129133;2.717632;0.2127229;0.2285717;0.7576971;0.4148482;0.448945;0.1483716;2.643707;0.2344415;0.4265691;0.6011748;0.6378992;0.2229636;0.1261801;2.676678;0.2458609;0.3297151;0.6591932;0.5970376;0.3166995;0.1119843;2.696507;0.2452801;0.2693027;0.68614;0.5666029;0.368306;0.1016911;2.710384;0.2417489;0.2693027;0.68614;0.5666029;0.368306;0.1368854;2.62677;0.2362367;0.4031187;0.5865097;0.6819306;0.1687376;0.1131923;2.653721;0.249726;0.3046666;0.6431959;0.646312;0.275242;0.09744003;2.67149;0.250671;0.2477007;0.6672053;0.6199467;0.3303756;0.08527155;2.685158;0.2482016;0.2477007;0.6672053;0.6199467;0.3303756;0.1274373;2.609818;0.2343359;0.3727407;0.5122333;0.7736624;-0.01131684;0.1055325;2.620872;0.252189;0.2664179;0.57329;0.7633666;0.1327852;0.09172647;2.629402;0.2564596;0.1894169;0.6028376;0.7409941;0.2272362;0.07939762;2.637848;0.2565602;0.1894169;0.6028376;0.7409941;0.2272362;
-8.809142E-21;2.599998;-5.746268E-20;0.4977095;0.5022801;0.4958968;0.5040699;0.1988237;2.563675;0.2175426;0.3638445;0.6749287;0.6102145;0.1993159;0.2096435;2.637745;0.2020802;0.7117249;0.692216;0.01568043;0.1184857;0.2108559;2.666847;0.1979105;0.6321115;0.7651619;-0.0002376265;0.1223219;0.2070992;2.688103;0.1937903;0.6321115;0.7651619;-0.0002376265;0.1223219;0.162045;2.651672;0.2287978;0.3933169;0.6737154;0.5213881;0.3457805;0.1453772;2.684547;0.2267392;0.2929317;0.7233483;0.468202;0.4144219;0.1353032;2.701416;0.2199825;0.2083406;0.7526332;0.4188939;0.46332;0.1276287;2.712547;0.2116891;0.2083406;0.7526332;0.4188939;0.46332;0.1474385;2.638836;0.2344431;0.4146286;0.5974306;0.6500891;0.2203276;0.124278;2.671227;0.2458707;0.3226276;0.6517284;0.6107495;0.3132837;0.1097214;2.690861;0.2455223;0.2617989;0.6784496;0.5795855;0.3677615;0.09924838;2.704678;0.2420657;0.2617989;0.6784496;0.5795855;0.3677615;0.136349;2.621582;0.2357823;0.3934422;0.5821498;0.6928376;0.1621144;0.1118591;2.647797;0.249468;0.2943538;0.6382107;0.6566968;0.2734818;0.09573767;2.665295;0.2503618;0.2386912;0.6610171;0.6304649;0.3295403;0.0833634;2.678822;0.24787;0.2386912;0.6610171;0.6304649;0.3295403;0.1274377;2.604374;0.2335255;0.3415286;0.521679;0.7817756;-0.006033525;0.1041506;2.614914;0.2499368;0.2304649;0.5785397;0.7686682;0.1460388;0.08984976;2.623165;0.2530512;0.155565;0.6028976;0.7449879;0.2393899;0.07732838;2.631306;0.2522003;0.155565;0.6028976;0.7449879;0.2393899;
-8.809142E-21;2.599998;-5.746268E-20;0.4977095;0.5022801;0.4958968;0.5040699;0.1982338;2.565533;0.2187608;0.3593217;0.676053;0.6107666;0.2020013;0.2092609;2.640167;0.2035469;0.7090818;0.6930262;0.02437083;0.1277648;0.2103868;2.669285;0.1993507;0.6286654;0.7661781;0.006694524;0.1330655;0.2065575;2.690506;0.1950523;0.6286654;0.7661781;0.006694524;0.1330655;0.160441;2.653496;0.228774;0.3928288;0.6671129;0.5283666;0.3485327;0.1438749;2.686466;0.2269303;0.2918825;0.7173124;0.4736106;0.4194767;0.1339433;2.70343;0.2201668;0.2100558;0.7458586;0.4248351;0.4680671;0.1264265;2.714718;0.2119171;0.2100558;0.7458586;0.4248351;0.4680671;0.1458964;2.640446;0.234126;0.4057289;0.5971931;0.6549008;0.2232704;0.1222263;2.672653;0.2450998;0.3112751;0.6513802;0.6142777;0.3185512;0.1074719;2.692142;0.244303;0.2495305;0.6774712;0.5823215;0.3737239;0.09692729;2.705822;0.2404868;0.2495305;0.6774712;0.5823215;0.3737239;0.1350491;2.623024;0.2352887;0.3787325;0.5856996;0.697219;0.1655406;0.1097523;2.648941;0.248131;0.2800959;0.6388605;0.6612972;0.275844;0.09328739;2.666164;0.24856;0.2254771;0.6601016;0.6356033;0.3308091;0.0807059;2.679462;0.2457805;0.2254771;0.6601016;0.6356033;0.3308091;0.1264646;2.605644;0.2329444;0.3289968;0.526158;0.7841521;-0.004946545;0.1026433;2.615936;0.2487906;0.214221;0.5810795;0.770905;0.1488675;0.08810635;2.623985;0.2514371;0.1387284;0.6034884;0.7472016;0.2413423;0.07544658;2.631897;0.2501788;0.1387284;0.6034884;0.7472016;0.2413423;
-8.809142E-21;2.599998;-5.746268E-20;0.4977095;0.5022801;0.4958968;0.5040699;0.1991311;2.565044;0.2191435;0.3554082;0.6821658;0.6069525;0.199859;0.2093584;2.639492;0.2034553;0.7081071;0.6937443;0.02439269;0.1292608;0.2104259;2.668613;0.1991908;0.6331766;0.7622756;0.007987744;0.1340142;0.2068568;2.689896;0.1949191;0.6331766;0.7622756;0.007987744;0.1340142;0.1602323;2.65255;0.2283142;0.3877372;0.6709228;0.5269395;0.3490811;0.1433994;2.685364;0.2261054;0.2867152;0.7201172;0.4720017;0.4200482;0.1333634;2.702194;0.2191548;0.2063675;0.7474688;0.4240178;0.4678807;0.1257924;2.71339;0.2108307;0.2063675;0.7474688;0.4240178;0.4678807;0.145804;2.639404;0.2337599;0.4021226;0.6013304;0.65391;0.221588;0.1218274;2.671467;0.2445133;0.3097923;0.6536946;0.6145191;0.3147677;0.1069093;2.690834;0.2437605;0.2500806;0.6787894;0.583943;0.3683961;0.09623384;2.704453;0.2400803;0.2500806;0.6787894;0.583943;0.3683961;0.1351219;2.621887;0.2350591;0.3800248;0.587742;0.6954169;0.1628992;0.1098335;2.647758;0.2480115;0.2835181;0.6400843;0.6605771;0.271197;0.09333979;2.664948;0.2486642;0.2321141;0.6604394;0.636729;0.3232948;0.08068901;2.678249;0.2462304;0.2321141;0.6604394;0.636729;0.3232948;0.1267063;2.604408;0.2328461;0.3330076;0.5276077;0.7814144;-0.01130764;0.1030506;2.614555;0.2490339;0.219964;0.5827641;0.7695341;0.140782;0.08851829;2.622517;0.2519695;0.1405818;0.606733;0.7452123;0.2382662;0.07582867;2.630394;0.2507767;0.1405818;0.606733;0.7452123;0.2382662;
-8.809142E-21;2.599998;-5.746268E-20;0.4977095;0.5022801;0.4958968;0.5040699;0.1995185;2.563408;0.2203527;0.3468892;0.6843743;0.6081675;0.2035487;0.2094602;2.63789;0.2042904;0.7071823;0.6939068;0.02628973;0.1330241;0.2105094;2.667019;0.1999459;0.635959;0.7592386;0.01016593;0.1378756;0.2071395;2.688335;0.1956222;0.635959;0.7592386;0.01016593;0.1378756;0.1598742;2.650688;0.2285635;0.3842719;0.6716293;0.5277252;0.3503648;0.1428967;2.683445;0.2261582;0.286429;0.7189912;0.4742873;0.419597;0.1328286;2.700302;0.2192558;0.2071587;0.7460133;0.4268598;0.4672687;0.1252424;2.711552;0.2109891;0.2071587;0.7460133;0.4268598;0.4672687;0.1455044;2.637455;0.2339998;0.3990422;0.6027769;0.6551973;0.2194124;0.1212219;2.669346;0.2447206;0.309917;0.6531169;0.6174302;0.3101124;0.1061499;2.688633;0.2441728;0.250382;0.6781579;0.587163;0.3642121;0.0953587;2.702221;0.2406317;0.250382;0.6781579;0.587163;0.3642121;0.1349574;2.619854;0.2353411;0.3785252;0.5888544;0.6960322;0.1597134;0.1094833;2.645546;0.2483713;0.2838345;0.6401671;0.6621241;0.2668634;0.09287228;2.662643;0.2491869;0.2342209;0.659907;0.6393116;0.3177176;0.08011364;2.675903;0.2469657;0.2342209;0.659907;0.6393116;0.3177176;0.1267058;2.60228;0.2331913;0.3279011;0.5311594;0.7811166;-0.01440772;0.1028406;2.61219;0.2492393;0.2164246;0.5847889;0.7697429;0.1366688;0.08821124;2.619995;0.2521574;0.1387742;0.6078525;0.7462975;0.2330177;0.07542711;2.627735;0.2510159;0.1387742;0.6078525;0.7462975;0.2330177;
-8.809142E-21;2.599998;-5.746268E-20;0.4977095;0.5022801;0.4958968;0.5040699;0.1991981;2.562412;0.2234951;0.3413591;0.6979613;0.5942184;0.2079144;0.2086087;2.63678;0.2049155;0.6968668;0.7014064;0.01620037;0.1488066;0.2090662;2.665768;0.1994233;0.6217769;0.7679331;-0.003144066;0.1538256;0.2051096;2.686802;0.1941284;0.6217769;0.7679331;-0.003144066;0.1538256;0.1590663;2.649784;0.2289479;0.3834292;0.6747177;0.5241563;0.3507111;0.1420318;2.682564;0.226307;0.2852173;0.7218595;0.4704649;0.4198011;0.1319209;2.69939;0.2192639;0.2027759;0.7494926;0.4211727;0.4687819;0.1243054;2.710518;0.2107942;0.2027759;0.7494926;0.4211727;0.4687819;0.1447466;2.63657;0.2346492;0.3892809;0.6135592;0.6488975;0.2256934;0.1200143;2.668602;0.2441371;0.2972108;0.6630999;0.6094899;0.3169959;0.1047437;2.687759;0.2427111;0.2324737;0.6884444;0.576206;0.3741483;0.09387674;2.701099;0.2383205;0.2324737;0.6884444;0.576206;0.3741483;0.1343334;2.618908;0.2363876;0.360035;0.6046194;0.6906677;0.1666985;0.1079417;2.644554;0.2477795;0.2612342;0.6536248;0.6549445;0.2749165;0.09091597;2.661327;0.2473678;0.207776;0.6724706;0.6301137;0.3279775;0.07793894;2.674198;0.2440375;0.207776;0.6724706;0.6301137;0.3279775;0.1262433;2.601189;0.2346698;0.3051093;0.5503701;0.7771486;-0.0064255;0.1014656;2.611118;0.2493254;0.192693;0.5987914;0.764171;0.142692;0.08654734;2.618687;0.2514083;0.1250584;0.6164085;0.7439264;0.2257758;0.07354265;2.626041;0.2500237;0.1250584;0.6164085;0.7439264;0.2257758;
-8.809142E-21;2.599998;-5.746268E-20;0.4977095;0.5022801;0.4958968;0.5040699;0.1991691;2.561623;0.2252658;0.33583;0.6967257;0.5971629;0.2125747;0.208451;2.635693;0.2051089;0.6924107;0.7033335;0.009950735;0.1605941;0.2087588;2.664516;0.1988523;0.608304;0.7760969;-0.01326672;0.1657229;0.2042417;2.685223;0.1928288;0.608304;0.7760969;-0.01326672;0.1657229;0.1585114;2.648899;0.2291834;0.3960985;0.6675329;0.5273761;0.3455147;0.1419368;2.681988;0.2275721;0.2986943;0.7165391;0.4743815;0.4151093;0.1319883;2.699135;0.2210745;0.2167787;0.7457016;0.42564;0.4645076;0.1244315;2.710583;0.2129802;0.2167787;0.7457016;0.42564;0.4645076;0.1442044;2.635674;0.2349025;0.3889859;0.614434;0.6476723;0.2273362;0.1195221;2.667774;0.2442309;0.2970785;0.6637846;0.6082598;0.318048;0.1042874;2.686935;0.2427391;0.233048;0.6888551;0.5753626;0.3743334;0.09344401;2.700275;0.2383471;0.233048;0.6888551;0.5753626;0.3743334;0.1338444;2.617996;0.2367498;0.351923;0.6100966;0.6887443;0.171942;0.1071447;2.643658;0.2473411;0.2531481;0.6573435;0.6531698;0.2778221;0.0899998;2.660282;0.2465154;0.1997627;0.6754425;0.6285744;0.3297984;0.0769513;2.672993;0.2429056;0.1997627;0.6754425;0.6285744;0.3297984;0.125831;2.600224;0.2351709;0.2954941;0.5567088;0.7763442;-0.006966531;0.1006932;2.609917;0.2493825;0.1778097;0.6037837;0.7637548;0.1432053;0.08558518;2.617226;0.2510468;0.1061798;0.6204238;0.7427967;0.2281523;0.07247322;2.62429;0.2491645;0.1061798;0.6204238;0.7427967;0.2281523;
-8.809142E-21;2.599998;-5.746268E-20;0.4977095;0.5022801;0.4958968;0.5040699;0.1971641;2.560234;0.2271716;0.3357717;0.6936288;0.5990161;0.2175228;0.2071925;2.634411;0.2070078;0.6946148;0.6990949;0.01249647;0.1691774;0.2078478;2.663177;0.2005437;0.6168972;0.7678013;-0.008639418;0.172756;0.2039006;2.683979;0.1944653;0.6168972;0.7678013;-0.008639418;0.172756;0.156889;2.647835;0.2305871;0.3968476;0.6636014;0.5308638;0.3468847;0.1404395;2.680965;0.2291418;0.3047699;0.7106243;0.4799102;0.4145055;0.1306337;2.698284;0.2229618;0.2289319;0.7386249;0.434185;0.4620682;0.123186;2.710049;0.2152654;0.2289319;0.7386249;0.434185;0.4620682;0.1425064;2.634651;0.2361647;0.3867184;0.6127198;0.6499272;0.229386;0.1177684;2.666718;0.2453669;0.2963566;0.6611912;0.6108313;0.319193;0.1025593;2.685879;0.2438952;0.2346959;0.685485;0.5789849;0.3739049;0.09174179;2.699257;0.2396261;0.2346959;0.685485;0.5789849;0.3739049;0.1321159;2.616982;0.2379546;0.3487712;0.6095186;0.689866;0.1758709;0.1053671;2.642689;0.2482258;0.2521694;0.6555024;0.654506;0.2799094;0.08826897;2.659328;0.2473455;0.2004299;0.6730829;0.6304576;0.3306211;0.07526255;2.67207;0.2437769;0.2004299;0.6730829;0.6304576;0.3306211;0.1241194;2.599216;0.2363247;0.2918789;0.5583947;0.7765321;0.0001307428;0.09885406;2.60915;0.2501254;0.1732543;0.6045974;0.7631139;0.148668;0.08375414;2.616505;0.2515525;0.1020835;0.6206532;0.742138;0.2315161;0.07066784;2.623562;0.2495133;0.1020835;0.6206532;0.742138;0.2315161;
-8.809142E-21;2.599998;-5.746268E-20;0.4977095;0.5022801;0.4958968;0.5040699;0.1966807;2.560387;0.2281716;0.3345051;0.6941223;0.5982472;0.2200021;0.2068027;2.634472;0.2076881;0.695202;0.697499;0.01316088;0.1732529;0.2075885;2.663208;0.2010999;0.6216603;0.763114;-0.007087265;0.1764814;0.2039587;2.684052;0.1949728;0.6216603;0.763114;-0.007087265;0.1764814;0.1565184;2.648087;0.2309967;0.3981482;0.6616794;0.5320165;0.3472996;0.1401691;2.681267;0.2296658;0.307059;0.7085831;0.4815075;0.4144581;0.1304226;2.698643;0.2235903;0.2332705;0.7362561;0.436955;0.4610667;0.1230117;2.710514;0.2160351;0.2332705;0.7362561;0.436955;0.4610667;0.1420835;2.634949;0.2365355;0.3846208;0.6130621;0.6495817;0.2329495;0.1173493;2.667099;0.245425;0.2955519;0.6606408;0.6106679;0.3213842;0.1021873;2.686287;0.2438647;0.2344645;0.684689;0.57893;0.3755893;0.09141253;2.699684;0.2395608;0.2344645;0.684689;0.57893;0.3755893;0.1316539;2.617298;0.2383298;0.3453602;0.610721;0.6896168;0.1793741;0.1048203;2.643059;0.2482316;0.2496945;0.6557473;0.6542639;0.2821121;0.08772422;2.659687;0.247199;0.1989881;0.6728303;0.6305965;0.3317395;0.07472586;2.672417;0.2435734;0.1989881;0.6728303;0.6305965;0.3317395;0.1236399;2.599541;0.2367112;0.2932575;0.5578014;0.7764378;-0.00148347;0.09842309;2.609436;0.2506306;0.1751874;0.6042141;0.7633032;0.1469807;0.08333039;2.616787;0.2521448;0.1039928;0.6204911;0.7424268;0.2301719;0.07023762;2.623852;0.2501752;0.1039928;0.6204911;0.7424268;0.2301719;
-8.809142E-21;2.599998;-5.746268E-20;0.4977095;0.5022801;0.4958968;0.5040699;0.1949517;2.560905;0.23081;0.3306996;0.7012839;0.5898144;0.2257382;0.2052611;2.634605;0.2088886;0.6984654;0.6925732;0.01016546;0.17996;0.2064545;2.663239;0.201957;0.6354271;0.7503031;-0.007712146;0.1822597;0.2036789;2.684177;0.1957179;0.6354271;0.7503031;-0.007712146;0.1822597;0.1549847;2.648754;0.231587;0.402039;0.6616434;0.5295604;0.346639;0.1388371;2.682022;0.23037;0.3139503;0.7077483;0.4810667;0.4112211;0.1291624;2.699512;0.2245398;0.2423036;0.7354584;0.4381952;0.4564812;0.1217579;2.711536;0.2172423;0.2423036;0.7354584;0.4381952;0.4564812;0.1405112;2.63575;0.2373156;0.3861842;0.6158369;0.6454348;0.2345652;0.1159532;2.66806;0.2460155;0.2999666;0.662141;0.6079329;0.3193855;0.1008675;2.687298;0.2445894;0.2380602;0.6868159;0.576033;0.3738952;0.09011697;2.700718;0.2403513;0.2380602;0.6868159;0.576033;0.3738952;0.1300398;2.618156;0.2394065;0.3465713;0.6147566;0.6850512;0.1807427;0.1033199;2.644081;0.2491263;0.250559;0.6598012;0.6497481;0.2823298;0.08626026;2.660725;0.2480059;0.2004408;0.6766788;0.6265599;0.3306852;0.07326535;2.673435;0.2443656;0.2004408;0.6766788;0.6265599;0.3306852;0.1219999;2.600395;0.2380764;0.2936081;0.564253;0.7716279;0.001832902;0.0968011;2.610569;0.2518104;0.1753885;0.6103366;0.7581511;0.1481049;0.08172993;2.617962;0.253245;0.1063257;0.6261182;0.7381588;0.2275793;0.06862159;2.625;0.2513245;0.1063257;0.6261182;0.7381588;0.2275793;
-8.809142E-21;2.599998;-5.746268E-20;0.4977095;0.5022801;0.4958968;0.5040699;0.1923524;2.56229;0.2312012;0.330618;0.6955082;0.593216;0.2346377;0.2036329;2.636082;0.2093075;0.7002177;0.6893384;0.01096355;0.1854392;0.205089;2.664665;0.2022215;0.6378193;0.7467018;-0.008085154;0.1885673;0.2025509;2.685574;0.1957931;0.6378193;0.7467018;-0.008085154;0.1885673;0.1532665;2.65062;0.2315962;0.3968192;0.6618297;0.5289225;0.3532102;0.1371547;2.683872;0.2298296;0.3098576;0.7067781;0.4802223;0.4169415;0.1275755;2.701321;0.2237577;0.2395811;0.7336618;0.4375312;0.4614196;0.1202775;2.713322;0.2163322;0.2395811;0.7336618;0.4375312;0.4614196;0.138657;2.637733;0.2372176;0.3845313;0.6143215;0.6465536;0.2381459;0.114134;2.670124;0.2457114;0.296095;0.6615115;0.6073569;0.3253427;0.09912416;2.689392;0.2439785;0.2360784;0.6852109;0.5759179;0.3782483;0.08845747;2.702835;0.2396151;0.2360784;0.6852109;0.5759179;0.3782483;0.128054;2.620209;0.2392479;0.3453748;0.6133445;0.6859308;0.1844557;0.1013778;2.64624;0.2487712;0.247999;0.6588366;0.6492344;0.2879684;0.08441385;2.662956;0.2474013;0.1952883;0.6762855;0.6242222;0.3388915;0.07154954;2.675694;0.2434241;0.1952883;0.6762855;0.6242222;0.3388915;0.1199157;2.602497;0.2378674;0.288159;0.5660418;0.7722905;0.01134577;0.09453501;2.612961;0.2510267;0.1685695;0.6115036;0.7564059;0.1596811;0.07951035;2.620502;0.2520324;0.09935963;0.6265736;0.734999;0.239395;0.06652838;2.627647;0.2497236;0.09935963;0.6265736;0.734999;0.239395;
-8.809142E-21;2.599998;-5.746268E-20;0.4977095;0.5022801;0.4958968;0.5040699;0.1908626;2.564247;0.2324028;0.3299915;0.7051758;0.5815805;0.23579;0.2021464;2.637539;0.2092401;0.7022352;0.6859509;0.007365458;0.1904811;0.2038817;2.666039;0.2018379;0.6469066;0.7377123;-0.00988497;0.1928607;0.2019294;2.686977;0.1952884;0.6469066;0.7377123;-0.00988497;0.1928607;0.151861;2.652554;0.2312194;0.3954522;0.6646758;0.5245794;0.3558651;0.1358045;2.685818;0.2290668;0.3113941;0.7080182;0.4775537;0.4167571;0.126256;2.703285;0.2229732;0.2421256;0.7346938;0.4356573;0.4602205;0.1189598;2.715313;0.2155795;0.2421256;0.7346938;0.4356573;0.4602205;0.1371981;2.639793;0.2370109;0.3832127;0.6183437;0.6422033;0.2416072;0.1127211;2.672356;0.245041;0.2979699;0.6636508;0.6043712;0.3248343;0.09774449;2.691662;0.2433022;0.2398781;0.6867675;0.5741332;0.3757398;0.08707084;2.705139;0.2390397;0.2398781;0.6867675;0.5741332;0.3757398;0.1265344;2.622334;0.2392847;0.3459705;0.6169668;0.6819332;0.1860739;0.099929;2.648525;0.2486074;0.250804;0.6614692;0.6461918;0.2863427;0.0829825;2.665276;0.2473027;0.1998125;0.6785638;0.6222563;0.3352958;0.07009115;2.67804;0.2434765;0.1998125;0.6785638;0.6222563;0.3352958;0.1183388;2.604626;0.2381572;0.2928576;0.5692971;0.7680971;0.01273811;0.09312041;2.615376;0.2514154;0.174118;0.6152046;0.7523798;0.1585283;0.07814295;2.623001;0.2525432;0.1021699;0.6312377;0.7302635;0.240449;0.0651895;2.630203;0.2502278;0.1021699;0.6312377;0.7302635;0.240449;
-8.809142E-21;2.599998;-5.746268E-20;0.4977095;0.5022801;0.4958968;0.5040699;0.1901902;2.566189;0.2321023;0.3251035;0.7041504;0.5855235;0.2358859;0.2014367;2.639275;0.2090589;0.701317;0.6854694;0.006323993;0.1955668;0.2032125;2.667717;0.2014097;0.6469375;0.7362932;-0.01124869;0.1980354;0.2013502;2.688614;0.1946625;0.6469375;0.7362932;-0.01124869;0.1980354;0.1508271;2.654301;0.2307198;0.3923162;0.666003;0.523819;0.3579688;0.1346895;2.687531;0.2282833;0.3111093;0.7076526;0.4783378;0.4166912;0.1251242;2.705009;0.2221978;0.2445863;0.7334263;0.438195;0.4585287;0.117811;2.717106;0.2149103;0.2445863;0.7334263;0.438195;0.4585287;0.136169;2.641529;0.2365323;0.3815318;0.6196985;0.6412984;0.2431948;0.111634;2.674133;0.24434;0.3004085;0.6628551;0.6052192;0.3226262;0.09664816;2.69347;0.242769;0.2465493;0.6846846;0.5773535;0.3702482;0.0859356;2.707035;0.2388281;0.2465493;0.6846846;0.5773535;0.3702482;0.1255508;2.624046;0.2388833;0.3445998;0.6185929;0.6812038;0.1858903;0.09885155;2.650215;0.2481055;0.2536124;0.6612111;0.6473215;0.2818789;0.08183973;2.666935;0.2470447;0.2058564;0.677551;0.6252652;0.3280117;0.06885076;2.679722;0.243574;0.2058564;0.677551;0.6252652;0.3280117;0.1174181;2.606297;0.2378622;0.2938918;0.570092;0.7671915;0.006330758;0.09221748;2.616802;0.2513806;0.177968;0.6153534;0.7533264;0.1488868;0.07717542;2.624275;0.2528118;0.105668;0.6318445;0.7321218;0.2315277;0.06410944;2.631367;0.2507423;0.105668;0.6318445;0.7321218;0.2315277;
-8.809142E-21;2.599998;-5.746268E-20;0.4977095;0.5022801;0.4958968;0.5040699;0.1874452;2.569347;0.2326308;0.3257123;0.7069118;0.5805653;0.2390216;0.1991245;2.642315;0.2087136;0.7035281;0.681872;0.003157303;0.2002228;0.2011933;2.670673;0.2007844;0.657734;0.7255145;-0.01209025;0.2021608;0.2000239;2.691608;0.1939659;0.657734;0.7255145;-0.01209025;0.2021608;0.1484142;2.657677;0.23017;0.3973335;0.6636117;0.5170301;0.3666413;0.1330256;2.691257;0.2273639;0.3188896;0.704851;0.4726817;0.4219794;0.123842;2.708946;0.2212471;0.2543393;0.7309324;0.4336277;0.4615378;0.1167658;2.721233;0.2140189;0.2543393;0.7309324;0.4336277;0.4615378;0.1337221;2.644989;0.2361116;0.3897932;0.6174887;0.636238;0.2489379;0.1099386;2.678165;0.2439498;0.3121164;0.6602188;0.6006619;0.3254227;0.09538429;2.697865;0.2426071;0.2577646;0.683203;0.5719713;0.3736845;0.08495605;2.711697;0.2387801;0.2577646;0.683203;0.5719713;0.3736845;0.1230708;2.627548;0.238651;0.3465542;0.6207423;0.6770212;0.19032;0.0965881;2.654053;0.247627;0.258027;0.6625392;0.6437153;0.2830102;0.07970296;2.670929;0.2466039;0.211382;0.6788123;0.6221596;0.3277942;0.06678508;2.68383;0.2432248;0.211382;0.6788123;0.6221596;0.3277942;0.1149096;2.609787;0.2378333;0.284152;0.5763331;0.7662215;-0.00169459;0.08935156;2.619694;0.2511649;0.1721804;0.6182477;0.7549304;0.1349233;0.07409846;2.62672;0.2527359;0.09590042;0.6346216;0.7340407;0.2219081;0.06083564;2.633442;0.2506202;0.09590042;0.6346216;0.7340407;0.2219081;
-8.809142E-21;2.599998;-5.746268E-20;0.4977095;0.5022801;0.4958968;0.5040699;0.1848933;2.572876;0.2306274;0.316928;0.7137458;0.5818157;0.2271873;0.1946154;2.645329;0.206341;0.7055238;0.6787552;-9.875372E-05;0.2037832;0.196936;2.673611;0.1981675;0.6911297;0.693108;-0.00541047;0.2047239;0.1977995;2.694698;0.1917418;0.6911297;0.693108;-0.00541047;0.2047239;0.1438727;2.660118;0.2284867;0.4385209;0.6406454;0.5148857;0.3635461;0.1308629;2.694809;0.2279596;0.3625378;0.6866977;0.4716545;0.4177976;0.1227703;2.713413;0.2231256;0.2988273;0.7171262;0.4330881;0.4570202;0.1163432;2.72654;0.2168102;0.2988273;0.7171262;0.4330881;0.4570202;0.1294291;2.647236;0.2346307;0.4339028;0.5956876;0.6350327;0.2315563;0.1079656;2.680958;0.2460734;0.3635122;0.6414748;0.6022595;0.3060272;0.0945117;2.701439;0.2471835;0.3089185;0.6693977;0.5730997;0.3578172;0.08469984;2.716053;0.2449669;0.3089185;0.6693977;0.5730997;0.3578172;0.1190741;2.629646;0.2373818;0.3578233;0.6194276;0.6782382;0.1681225;0.09258656;2.655514;0.2480591;0.2754532;0.6603574;0.65018;0.2555779;0.075438;2.67215;0.2485524;0.2255433;0.6789966;0.6288701;0.3043298;0.0621984;2.684944;0.2461459;0.2255433;0.6789966;0.6288701;0.3043298;0.1111974;2.611755;0.2367223;0.2304288;0.5936204;0.7698497;-0.04299805;0.08405212;2.61808;0.2490949;0.1228144;0.6239791;0.7669163;0.08606002;0.0679388;2.622894;0.2504618;0.06164464;0.6328718;0.7557862;0.1563986;0.05376542;2.627617;0.2488875;0.06164464;0.6328718;0.7557862;0.1563986;
-8.809142E-21;2.599998;-5.746268E-20;0.4977095;0.5022801;0.4958968;0.5040699;0.1799965;2.574757;0.2239496;0.3135163;0.6859872;0.6142148;0.2320972;0.1898988;2.648468;0.2023097;0.7082026;0.6744247;0.01689744;0.2081234;0.1925499;2.676891;0.1947247;0.7145882;0.6678814;0.01975966;0.2071424;0.1949127;2.698135;0.1892426;0.7145882;0.6678814;0.01975966;0.2071424;0.1387953;2.662193;0.2248624;0.4802602;0.599695;0.541172;0.3418322;0.1274895;2.697273;0.2289325;0.4081558;0.650897;0.4969586;0.4034529;0.1203691;2.716732;0.2264367;0.3542711;0.6815811;0.4620304;0.4432462;0.1146951;2.730957;0.2220248;0.3542711;0.6815811;0.4620304;0.4432462;0.1243116;2.648956;0.230134;0.4683889;0.556356;0.6532314;0.2106388;0.1046608;2.682087;0.245838;0.3990428;0.6092517;0.6190618;0.2938366;0.09217248;2.702953;0.2491756;0.3510214;0.6383011;0.5918507;0.3450633;0.08302089;2.718163;0.2487319;0.3510214;0.6383011;0.5918507;0.3450633;0.1140678;2.631168;0.2319351;0.3490058;0.6061231;0.6948304;0.1673934;0.0870995;2.656418;0.2427978;0.2726915;0.6442744;0.6683094;0.2528094;0.06982716;2.672874;0.2437224;0.2215718;0.6635619;0.6459414;0.3055349;0.05656064;2.685654;0.2415104;0.2215718;0.6635619;0.6459414;0.3055349;0.1063484;2.613243;0.2304183;0.1523415;0.6005569;0.784264;-0.03246233;0.07731495;2.617271;0.2389011;0.04852179;0.616864;0.7805804;0.08842462;0.0607747;2.620609;0.2383401;-0.002263993;0.6190618;0.7715729;0.1463996;0.04638863;2.623962;0.235563;-0.002263993;0.6190618;0.7715729;0.1463996;
-8.809142E-21;2.599998;-5.746268E-20;0.4977095;0.5022801;0.4958968;0.5040699;0.1698438;2.575928;0.2107195;0.3266691;0.6636773;0.63478;0.2233252;0.1794083;2.651093;0.1932141;0.7247254;0.6591384;0.04721669;0.1951431;0.1831562;2.679916;0.1876246;0.7768568;0.5972026;0.06559781;0.1885204;0.1893157;2.701015;0.1848948;0.7768568;0.5972026;0.06559781;0.1885204;0.1294859;2.663521;0.2183217;0.5196309;0.5524254;0.5779879;0.301231;0.1191195;2.697857;0.2282914;0.459858;0.6031371;0.5435627;0.3595781;0.1124336;2.717712;0.2296783;0.4152739;0.6346719;0.5168647;0.3969766;0.1069816;2.73275;0.2284814;0.4152739;0.6346719;0.5168647;0.3969766;0.1146945;2.649948;0.2221601;0.4823241;0.5184249;0.6799446;0.1904587;0.09538943;2.68166;0.2413106;0.4277219;0.5639073;0.6583275;0.2562575;0.08298369;2.701897;0.2480762;0.3930846;0.588451;0.6422985;0.2943859;0.07373184;2.716923;0.2509092;0.3930846;0.588451;0.6422985;0.2943859;0.1042445;2.632164;0.2222493;0.3525371;0.5724794;0.7247613;0.1506853;0.07697278;2.656197;0.2353256;0.2936539;0.6050371;0.7053524;0.2239998;0.05954092;2.672295;0.2387586;0.2546976;0.6224878;0.6892576;0.269374;0.0460269;2.685123;0.2390521;0.2546976;0.6224878;0.6892576;0.269374;0.09625612;2.614361;0.2191589;0.09149995;0.5857539;0.8051846;0.0140774;0.06613272;2.618336;0.2231704;0.01668516;0.5926418;0.7969677;0.1154991;0.04959846;2.621799;0.2212954;-0.01933855;0.5924498;0.7882592;0.1651576;0.03532363;2.625389;0.2178775;-0.01933855;0.5924498;0.7882592;0.1651576;
-8.809142E-21;2.599998;-5.746268E-20;0.4977095;0.5022801;0.4958968;0.5040699;0.1617338;2.574627;0.2065698;0.3091764;0.6757511;0.6337998;0.2146355;0.1681238;2.64946;0.1864187;0.7263703;0.6557971;0.05299189;0.1987672;0.172101;2.67831;0.1809753;0.7992443;0.5652878;0.07981044;0.1878533;0.1798153;2.698997;0.1790963;0.7992443;0.5652878;0.07981044;0.1878533;0.1178909;2.660484;0.2119558;0.5080895;0.5611179;0.5875527;0.2859619;0.1059782;2.694206;0.2222301;0.4571842;0.6032772;0.5604605;0.3360414;0.09850644;2.713684;0.224475;0.4155324;0.6326534;0.5373555;0.3719301;0.09244921;2.728516;0.2240899;0.4155324;0.6326534;0.5373555;0.3719301;0.1034706;2.646526;0.2157109;0.4599554;0.533474;0.6859482;0.1825434;0.08216041;2.677486;0.2339288;0.4102576;0.5717084;0.6688084;0.2398629;0.06863393;2.696972;0.2406996;0.3740608;0.5957419;0.6538723;0.2786069;0.05854538;2.711437;0.2435075;0.3740608;0.5957419;0.6538723;0.2786069;0.09350054;2.628471;0.2158029;0.3288584;0.5833801;0.7289464;0.1419761;0.06474291;2.651325;0.2279395;0.2771398;0.6096913;0.7136933;0.2052134;0.04644177;2.666473;0.2314289;0.2407261;0.6249827;0.7001737;0.2473957;0.03222799;2.678555;0.2319489;0.2407261;0.6249827;0.7001737;0.2473957;0.08604984;2.610462;0.2126456;0.06953213;0.5930477;0.8014678;0.03330436;0.05577429;2.614628;0.2148507;0.00906387;0.5969781;0.7934495;0.118208;0.03926595;2.618;0.2126975;-0.01122025;0.5967088;0.788681;0.1476313;0.02482717;2.621315;0.2097695;-0.01122025;0.5967088;0.788681;0.1476313;
-8.809142E-21;2.599998;-5.746268E-20;0.4977095;0.5022801;0.4958968;0.5040699;0.1463197;2.568806;0.198511;0.2514802;0.6571554;0.6807072;0.2038191;0.1505649;2.64344;0.1874029;0.7501589;0.628688;0.1151517;0.1695676;0.1559823;2.672504;0.1862055;0.8385504;0.5043257;0.1503427;0.1410166;0.1658455;2.692142;0.1886355;0.8385504;0.5043257;0.1503427;0.1410166;0.09465547;2.649487;0.2059272;0.4565063;0.5718029;0.6174008;0.2888941;0.07925246;2.681999;0.2145658;0.3749861;0.6286738;0.5701122;0.3729972;0.0700723;2.700668;0.2137071;0.2424988;0.690133;0.4809954;0.4832751;0.06343119;2.713455;0.2067702;0.2424988;0.690133;0.4809954;0.4832751;0.08125871;2.634483;0.2085069;0.4050564;0.5408981;0.7237058;0.1400312;0.0549798;2.661106;0.2265734;0.3597778;0.5708176;0.7123841;0.1929666;0.03864804;2.677902;0.2337415;0.3174272;0.5947913;0.6986651;0.2394383;0.02653714;2.690514;0.2365527;0.3174272;0.5947913;0.6986651;0.2394383;0.07270073;2.61578;0.2074521;0.2513749;0.5923647;0.7554127;0.1235585;0.04019086;2.634457;0.2164591;0.2137588;0.6068529;0.7463076;0.1704759;0.0198583;2.646736;0.2191471;0.1763414;0.6187559;0.7345781;0.2154997;0.004163603;2.65667;0.2190058;0.1763414;0.6187559;0.7345781;0.2154997;0.0669798;2.59758;0.203251;0.04080305;0.5783688;0.8145541;0.01806977;0.03664545;2.599915;0.2046416;-0.01353785;0.5796568;0.8093834;0.09334594;0.0201127;2.602192;0.2024528;-0.02048016;0.579421;0.8082441;0.1029255;0.005448058;2.604332;0.2001677;-0.02048016;0.579421;0.8082441;0.1029255;
-8.809142E-21;2.599998;-5.746268E-20;0.4977095;0.5022801;0.4958968;0.5040699;0.1252337;2.559193;0.2074309;0.2370596;0.6109562;0.7080159;0.2631516;0.137968;2.634148;0.1954945;0.7520702;0.6116018;0.1110251;0.2191052;0.1446287;2.66256;0.1925291;0.7570688;0.6009046;0.08221084;0.2429029;0.1504633;2.683525;0.1888328;0.7570688;0.6009046;0.08221084;0.2429029;0.07592911;2.641918;0.2109491;0.4321358;0.555236;0.6485337;0.2904752;0.05908992;2.673439;0.2197112;0.3038743;0.634636;0.5711231;0.422748;0.04961348;2.691391;0.2157932;0.1047616;0.6951637;0.4211326;0.5730794;0.04452874;2.701336;0.204577;0.1047616;0.6951637;0.4211326;0.5730794;0.06233593;2.626984;0.2124107;0.363833;0.5312051;0.7540146;0.1300346;0.03352091;2.650909;0.2292873;0.3117265;0.5614535;0.7424223;0.1908034;0.01581999;2.666199;0.235296;0.2423842;0.5943356;0.7167605;0.272525;0.003023345;2.678032;0.2357063;0.2423842;0.5943356;0.7167605;0.272525;0.05364047;2.608543;0.2100724;0.218316;0.5777321;0.7791557;0.1071463;0.0199617;2.624546;0.2183472;0.1630015;0.595569;0.7664303;0.1769553;-0.0009379595;2.635536;0.2192736;0.1182746;0.6060858;0.7518358;0.2311161;-0.01682169;2.644547;0.2173955;0.1182746;0.6060858;0.7518358;0.2311161;0.0481267;2.590675;0.2046843;0.07458839;0.549774;0.8318396;-0.01511753;0.01829357;2.592403;0.2089339;0.01516125;0.5544577;0.8292507;0.06848812;0.001864996;2.594566;0.2080899;-0.02620646;0.5542586;0.8223145;0.1261357;-0.01246931;2.59721;0.2053776;-0.02620646;0.5542586;0.8223145;0.1261357;
-8.809142E-21;2.599998;-5.746268E-20;0.4977095;0.5022801;0.4958968;0.5040699;0.0991922;2.550362;0.215322;0.191175;0.5643373;0.7235546;0.3484887;0.1186896;2.625935;0.2092078;0.693098;0.6340222;0.1597844;0.3034796;0.1229334;2.654549;0.204426;0.562292;0.7493936;0.08837358;0.3382708;0.1198982;2.674286;0.1955129;0.562292;0.7493936;0.08837358;0.3382708;0.05530455;2.636253;0.2146867;0.3626331;0.4928259;0.6803184;0.4034688;0.04032851;2.669205;0.218147;0.2842944;0.5412413;0.595839;0.5207791;0.03432813;2.688061;0.213575;0.2273621;0.5648555;0.5264206;0.5934026;0.03131016;2.701893;0.2068128;0.2273621;0.5648555;0.5264206;0.5934026;0.04116304;2.622227;0.2118308;0.2890126;0.4783211;0.7897176;0.2530349;0.01242154;2.64975;0.2205368;0.2413127;0.5057371;0.7499781;0.3514699;-0.002815193;2.66819;0.2206745;0.1963123;0.5240592;0.7050222;0.4356229;-0.01216855;2.682304;0.2175803;0.1963123;0.5240592;0.7050222;0.4356229;0.0325461;2.604538;0.2062206;0.16963;0.5179093;0.8210989;0.1696826;-0.0008249686;2.621666;0.2100849;0.1170472;0.5322706;0.7948546;0.2668223;-0.02013116;2.634426;0.2077983;0.08746573;0.5372294;0.7758393;0.3190741;-0.03423378;2.645061;0.2040589;0.08746573;0.5372294;0.7758393;0.3190741;0.02758869;2.587582;0.1981971;0.03736356;0.5006082;0.8648671;0.0004900992;-0.002310226;2.588726;0.2001176;-0.05001479;0.5006448;0.8561696;0.1175879;-0.01817048;2.591206;0.1967814;-0.1165176;0.4918169;0.835324;0.2162729;-0.03112874;2.594841;0.1907774;-0.1165176;0.4918169;0.835324;0.2162729;
-8.809142E-21;2.599998;-5.746268E-20;0.4977095;0.5022801;0.4958968;0.5040699;0.03753302;2.529247;0.2410637;0.1987971;0.456572;0.7146441;0.4912286;0.06584063;2.604679;0.2446841;0.6440291;0.6369502;0.2489967;0.3428143;0.06773271;2.633568;0.2413208;0.4581272;0.787324;0.1779884;0.3722375;0.06115065;2.652111;0.2321344;0.4581272;0.787324;0.1779884;0.3722375;0.01447536;2.624069;0.2405859;0.2961845;0.4358535;0.6616531;0.5334057;0.005298554;2.65863;0.2379454;0.2343975;0.4755026;0.6048794;0.5942022;0.001635871;2.677383;0.2323359;0.2015511;0.4933128;0.5720164;0.623552;-0.0005057014;2.691227;0.2264987;0.2015511;0.4933128;0.5720164;0.623552;-0.001173408;2.61319;0.2342084;0.1970789;0.4308317;0.7415748;0.4749851;-0.02021778;2.648453;0.2294403;0.1441536;0.4514289;0.6808581;0.5584478;-0.02813844;2.669479;0.2221438;0.1329832;0.4549378;0.6671351;0.5746982;-0.03329303;2.684528;0.2162879;0.1329832;0.4549378;0.6671351;0.5746982;-0.01158116;2.597672;0.2258978;0.1388319;0.4538775;0.8057184;0.3543144;-0.03810066;2.623653;0.2221981;0.09591195;0.4634159;0.7625352;0.4411199;-0.05167767;2.641098;0.2161603;0.03935388;0.4676229;0.695091;0.5446362;-0.05888671;2.655277;0.2080402;0.03935388;0.4676229;0.695091;0.5446362;-0.01770249;2.582504;0.2155064;0.02181098;0.4556015;0.8655188;0.2069521;-0.04508638;2.593815;0.2109528;-0.07889953;0.450839;0.801209;0.3854656;-0.05642972;2.602791;0.2031729;-0.2309996;0.3960034;0.621072;0.635681;-0.05770864;2.611908;0.1912933;-0.2309996;0.3960034;0.621072;0.635681;
-8.809142E-21;2.599998;-5.746268E-20;0.4977095;0.5022801;0.4958968;0.5040699;-0.01442066;2.507439;0.2653688;0.239401;0.3163977;0.7802706;0.4834847;0.008074471;2.578667;0.2875848;0.6039461;0.6274356;0.325411;0.3683496;0.008098068;2.607609;0.2855766;0.5317773;0.6887206;0.2764747;0.4079689;0.005905399;2.628296;0.2797921;0.5317773;0.6887206;0.2764747;0.4079689;-0.03084629;2.601204;0.2868628;0.2581914;0.3624659;0.68345;0.5786639;-0.0378805;2.636154;0.2844845;0.229374;0.3825547;0.6471378;0.6182657;-0.04046258;2.655514;0.2809874;0.1786637;0.4132248;0.5819087;0.6772794;-0.04074617;2.669678;0.2756633;0.1786637;0.4132248;0.5819087;0.6772794;-0.04628178;2.5942;0.2757652;0.1789802;0.3253526;0.738887;0.5622791;-0.05841767;2.632095;0.271706;0.1515787;0.3407419;0.7017909;0.6069666;-0.06349128;2.654438;0.2670067;0.1376483;0.3478795;0.6822962;0.6280961;-0.06639313;2.67041;0.26283;0.1376483;0.3478795;0.6822962;0.6280961;-0.05695409;2.582474;0.2626943;0.1299186;0.3256411;0.7909852;0.5014194;-0.07417654;2.615105;0.258176;0.1099742;0.3337184;0.7629056;0.5426905;-0.08302618;2.635754;0.2537192;-0.01097798;0.357591;0.5540078;0.7517206;-0.0806859;2.650558;0.2438528;-0.01097798;0.357591;0.5540078;0.7517206;-0.0634142;2.570709;0.2484775;0.04078528;0.3013692;0.8441312;0.4415382;-0.08144248;2.593594;0.242584;0.01479727;0.3056506;0.8080255;0.5034419;-0.08949347;2.607056;0.237938;-0.1621692;0.2597585;0.3790762;0.8732285;-0.08090113;2.61565;0.2293611;-0.1621692;0.2597585;0.3790762;0.8732285;
-8.809142E-21;2.599998;-5.746268E-20;0.4977095;0.5022801;0.4958968;0.5040699;-0.04055567;2.503677;0.277665;0.2508346;0.317865;0.783123;0.471977;-0.02087115;2.57188;0.3015823;0.5848814;0.6360927;0.3305723;0.3795024;-0.02167363;2.600582;0.29881;0.5298759;0.6821351;0.2950507;0.4084955;-0.02391434;2.621204;0.2935764;0.5298759;0.6821351;0.2950507;0.4084955;-0.05891429;2.594448;0.304168;0.2407449;0.3493571;0.714592;0.5561925;-0.06833943;2.628647;0.3025884;0.2138941;0.3661599;0.6681008;0.6114064;-0.07150552;2.647804;0.299403;0.1453415;0.4009508;0.5583575;0.7115837;-0.07068012;2.661491;0.2932704;0.1453415;0.4009508;0.5583575;0.7115837;-0.07417449;2.588528;0.2918929;0.1666018;0.3047056;0.7626541;0.5456712;-0.08798318;2.625473;0.2887924;0.1433582;0.3170091;0.7253906;0.5939379;-0.0938345;2.647465;0.2849007;0.09684643;0.3371822;0.6462629;0.6776972;-0.09487167;2.663033;0.2794125;0.09684643;0.3371822;0.6462629;0.6776972;-0.08459677;2.578167;0.2775471;0.1141531;0.3002882;0.7936938;0.516572;-0.1008483;2.610966;0.2727836;0.1049688;0.3040931;0.7806876;0.535757;-0.1100614;2.631504;0.2690902;-0.07688162;0.3332725;0.4320809;0.8344609;-0.1027619;2.643593;0.2578533;-0.07688162;0.3332725;0.4320809;0.8344609;-0.09086665;2.567688;0.2622851;0.02987254;0.2630336;0.8276793;0.4948416;-0.1058188;2.592239;0.2560809;0.02149615;0.2655743;0.8181272;0.5095843;-0.1135863;2.605927;0.2522677;-0.1863701;0.2302917;0.2783061;0.9136618;-0.1025581;2.612236;0.2444398;-0.1863701;0.2302917;0.2783061;0.9136618;
-8.809142E-21;2.599998;-5.746268E-20;0.4977095;0.5022801;0.4958968;0.5040699;-0.04852172;2.512928;0.3007892;0.2557353;0.3929111;0.7681705;0.436044;-0.03725184;2.579514;0.3186516;0.5117791;0.7105516;0.2927955;0.3840173;-0.04246257;2.606937;0.3115587;0.4363811;0.7593582;0.2524872;0.4113355;-0.04845137;2.625504;0.3029337;0.4363811;0.7593582;0.2524872;0.4113355;-0.07402766;2.60051;0.3246537;0.214119;0.399735;0.7287142;0.5131674;-0.08745143;2.632847;0.3211865;0.1839834;0.4119499;0.6729716;0.5861372;-0.09221485;2.651127;0.3166094;0.09289303;0.4424618;0.535831;0.7130805;-0.09170631;2.6637;0.3087136;0.09289303;0.4424618;0.535831;0.7130805;-0.0900254;2.593685;0.3129717;0.1547475;0.3448241;0.7639628;0.5229824;-0.1058594;2.629101;0.3081065;0.1171895;0.3590954;0.7016532;0.6041523;-0.1113807;2.650345;0.3019637;0.06108022;0.3721233;0.5990757;0.7063302;-0.111295;2.664879;0.294588;0.06108022;0.3721233;0.5990757;0.7063302;-0.1007751;2.582653;0.299354;0.1114647;0.3310001;0.7837484;0.5135691;-0.1170783;2.614666;0.2933303;0.09859687;0.3354316;0.7648932;0.5410202;-0.1259477;2.634739;0.2885653;-0.06843114;0.3478047;0.4407475;0.8246763;-0.1193822;2.646809;0.2773018;-0.06843114;0.3478047;0.4407475;0.8246763;-0.1078743;2.57148;0.284822;0.03199607;0.2817938;0.7935043;0.5384418;-0.1199969;2.59679;0.2774969;0.0319961;0.2817939;0.7935045;0.5384415;-0.1266336;2.610649;0.273486;-0.1619076;0.252839;0.2999649;0.9054722;-0.1167547;2.617233;0.2655647;-0.1619076;0.252839;0.2999649;0.9054722;
-8.809142E-21;2.599998;-5.746268E-20;0.4977095;0.5022801;0.4958968;0.5040699;-0.03819774;2.530865;0.3228513;0.2631855;0.5761967;0.7214386;0.2797447;-0.04210203;2.599155;0.3216528;0.3852563;0.8279305;0.1745689;0.3682859;-0.05447691;2.621201;0.3079235;0.2831383;0.8676736;0.1280833;0.3880336;-0.06595684;2.633793;0.2951153;0.2831383;0.8676736;0.1280833;0.3880336;-0.07796879;2.615719;0.337212;0.1717916;0.5296833;0.6965494;0.4524841;-0.09649567;2.6441;0.3287661;0.1008526;0.538978;0.6065619;0.5756857;-0.1025809;2.659691;0.3191315;-0.05052334;0.5428289;0.4195487;0.7257847;-0.1017104;2.667919;0.3068044;-0.05052334;0.5428289;0.4195487;0.7257847;-0.09447522;2.604908;0.3287492;0.1449839;0.457158;0.7445266;0.4643995;-0.1148135;2.636765;0.3206217;0.06352064;0.4728687;0.6437147;0.5983243;-0.1210125;2.655499;0.3096824;-0.0347721;0.4708502;0.4975297;0.7277055;-0.1200182;2.666672;0.2980469;-0.0347721;0.4708502;0.4975297;0.7277055;-0.1053838;2.590534;0.3187515;0.1081516;0.4352903;0.7621269;0.4668922;-0.1248164;2.619522;0.3100117;0.05380541;0.4450812;0.6961739;0.5606692;-0.1328948;2.637917;0.3005902;-0.1485057;0.4172913;0.365357;0.818736;-0.1260999;2.646294;0.2866069;-0.1485057;0.4172913;0.365357;0.818736;-0.1137057;2.57597;0.3076586;0.02774438;0.3728595;0.7532298;0.5411572;-0.1255878;2.600082;0.2972095;0.02774453;0.3728594;0.7532296;0.5411575;-0.1320886;2.613277;0.2914929;-0.243406;0.3145037;0.2137402;0.8922759;-0.1219944;2.61652;0.2820447;-0.243406;0.3145037;0.2137402;0.8922759;
-8.809142E-21;2.599998;-5.746268E-20;0.4977095;0.5022801;0.4958968;0.5040699;-0.0009178329;2.573086;0.3319884;0.203192;0.6735474;0.700411;0.1202973;-0.02701401;2.634087;0.3230332;0.2689487;0.909979;0.1256678;0.2895043;-0.04649295;2.650005;0.3100266;0.1434695;0.9394748;0.08709809;0.2986937;-0.06276226;2.656712;0.2988475;0.1434695;0.9394748;0.08709809;0.2986937;-0.06077101;2.646442;0.3467762;0.09377027;0.6515526;0.6749171;0.3334268;-0.08685943;2.666065;0.3361686;-0.00771451;0.6435825;0.5933048;0.4834577;-0.09683263;2.676605;0.3243591;-0.1548415;0.6260991;0.4687555;0.6035663;-0.1000157;2.681904;0.3115253;-0.1548415;0.6260991;0.4687555;0.6035663;-0.07525482;2.630459;0.3421254;0.1186856;0.5672033;0.7411654;0.3389217;-0.1032757;2.654488;0.3342076;0.03165045;0.5771368;0.6805435;0.4503022;-0.1164839;2.668961;0.3235697;-0.2430523;0.520691;0.3784115;0.7256798;-0.1136745;2.673817;0.3081639;-0.2430523;0.520691;0.3784115;0.7256798;-0.08371719;2.612499;0.3364471;0.09051353;0.5373193;0.752203;0.3705214;-0.1089145;2.635757;0.3271028;-0.01286021;0.5447582;0.6676716;0.5072357;-0.1196682;2.650475;0.314458;-0.3882523;0.3784948;0.1173663;0.8320022;-0.1068722;2.648636;0.3010087;-0.3882523;0.3784948;0.1173663;0.8320022;-0.09033816;2.593903;0.3298366;0.01596409;0.4609314;0.7434191;0.4843714;-0.1055256;2.614948;0.3177105;0.01596409;0.4609315;0.7434192;0.4843712;-0.1138321;2.626461;0.311078;0.2122741;-0.2666506;-0.1785271;-0.92302;-0.1026429;2.629509;0.3030735;0.2122741;-0.2666506;-0.1785271;-0.92302;
-8.809142E-21;2.599998;-5.746268E-20;0.4977095;0.5022801;0.4958968;0.5040699;0.03951923;2.611534;0.3197973;0.1457981;0.7004552;0.6952455;0.06884226;0.001982092;2.667572;0.3086077;0.2718059;0.9242403;0.1774226;0.2010545;-0.01965692;2.683674;0.3008868;0.04523021;0.9661914;0.1301333;0.2179313;-0.03832737;2.686661;0.2924035;0.04523021;0.9661914;0.1301333;0.2179313;-0.03015895;2.676212;0.3298518;0.0511767;0.6871159;0.6965842;0.2000584;-0.06079764;2.687885;0.3230253;0.003961682;0.6763363;0.6642852;0.3182436;-0.07529274;2.695663;0.3153078;-0.1668174;0.6569262;0.564447;0.4711901;-0.0822585;2.70002;0.3040663;-0.1668174;0.6569262;0.564447;0.4711901;-0.04199391;2.65741;0.3276899;0.08336902;0.6087877;0.745549;0.2580394;-0.07382699;2.675549;0.3205838;0.05839312;0.6107695;0.7341045;0.2909334;-0.09215264;2.686626;0.3145708;-0.3435057;0.4864857;0.3505432;0.7228109;-0.08735062;2.689575;0.2984307;-0.3435057;0.4864857;0.3505432;0.7228109;-0.04717749;2.637794;0.323573;0.08435819;0.5713193;0.7605676;0.2966734;-0.07570295;2.65707;0.3161375;-0.0175744;0.5753496;0.6931574;0.4338171;-0.08943245;2.669872;0.3045972;0.3565972;-0.3571314;-0.1875742;-0.8426814;-0.07691205;2.671013;0.2909422;0.3565972;-0.3571314;-0.1875742;-0.8426814;-0.05051252;2.617634;0.3181047;0.05806985;0.4829358;0.75956;0.4318213;-0.06819017;2.637901;0.3087274;0.05806959;0.4829359;0.75956;0.431821;-0.07786027;2.648991;0.3035976;-0.209545;0.3328436;0.2296257;0.8902686;-0.06836359;2.65279;0.2938764;-0.209545;0.3328436;0.2296257;0.8902686;
-8.809142E-21;2.599998;-5.746268E-20;0.4977095;0.5022801;0.4958968;0.5040699;0.1193715;2.643436;0.2888751;-0.2658671;-0.8273197;-0.4947796;-0.007067055;0.0807307;2.703129;0.2759424;0.2524814;0.9656016;0.01455764;0.06045513;0.05651841;2.716785;0.2728766;0.1827044;0.981195;0.01094751;0.06128448;0.03743047;2.724205;0.2704794;0.1827044;0.981195;0.01094751;0.06128448;0.05320473;2.713684;0.2973262;0.1650222;0.8005813;0.5743032;0.04486808;0.02145689;2.724243;0.3013037;0.03252253;0.8150858;0.5483891;0.1839747;0.004265895;2.728924;0.2964015;-0.2664987;0.7681638;0.438988;0.3823513;-0.003875749;2.727863;0.284577;-0.2664987;0.7681638;0.438988;0.3823513;0.04498974;2.695408;0.3057085;0.1724681;0.7498173;0.6279414;0.1171258;0.01062335;2.710579;0.3072368;0.09578252;0.7634233;0.6118033;0.1835951;-0.009782603;2.718838;0.3035775;-0.439254;0.6259571;0.3254787;0.5561451;-0.009705333;2.715588;0.2865918;-0.439254;0.6259571;0.3254787;0.5561451;0.04223003;2.675247;0.309524;0.1729527;0.7251582;0.6485007;0.1538824;0.01070212;2.691086;0.309542;0.02407748;0.7463191;0.6084977;0.2686236;-0.00816126;2.699055;0.3013057;0.4430481;-0.5174495;-0.2400738;-0.6916063;-0.001673578;2.696705;0.2840568;0.4430481;-0.5174495;-0.2400738;-0.6916063;0.04070279;2.653488;0.3115622;0.1305119;0.6560389;0.6569545;0.347837;0.02002091;2.671444;0.3033603;0.130512;0.6560388;0.6569543;0.3478373;0.008719409;2.681255;0.2988784;-0.2632781;0.5025215;0.2049264;0.7975979;0.01436011;2.68211;0.2863942;-0.2632781;0.5025215;0.2049264;0.7975979;
-8.809142E-21;2.599998;-5.746268E-20;0.4977095;0.5022801;0.4958968;0.5040699;0.2189518;2.596851;0.2165585;-0.4932536;-0.761651;-0.4115819;0.08478755;0.1907999;2.668034;0.2125691;0.3723169;0.9168293;-0.1120238;-0.09085631;0.1706668;2.687874;0.2151388;0.3131553;0.9393134;-0.1083991;-0.0887339;0.154084;2.700657;0.2172179;0.3131553;0.9393134;-0.1083991;-0.0887339;0.1734733;2.683086;0.2438216;0.3549758;0.8063458;0.4719052;-0.03323007;0.1478349;2.701488;0.2572795;0.2104774;0.8602974;0.4555305;0.08988816;0.1310131;2.709724;0.258051;-0.09545624;0.8788;0.3938516;0.251952;0.1185449;2.710171;0.2504952;-0.09545624;0.8788;0.3938516;0.251952;0.1666904;2.667248;0.2568268;0.3605898;0.7659239;0.5322392;0.007563367;0.1380978;2.68858;0.2712653;0.2615507;0.8047581;0.5274096;0.07612523;0.1187842;2.699867;0.2747992;-0.387623;0.7555045;0.3215682;0.4189933;0.1126587;2.694309;0.2592852;-0.387623;0.7555045;0.3215682;0.4189933;0.1630176;2.648205;0.2639672;0.318633;0.7633551;0.5596845;0.05015284;0.1347693;2.66737;0.2740362;0.218757;0.7967402;0.5529399;0.1077382;0.1150351;2.677658;0.2756439;-0.3637608;0.7094445;0.2981395;0.5248614;0.111559;2.673828;0.2575168;-0.3637608;0.7094445;0.2981395;0.5248614;0.1596783;2.627613;0.2692052;0.2355948;0.7421473;0.596402;0.1949799;0.1362175;2.644169;0.2689511;0.2355947;0.7421473;0.596402;0.19498;0.1233744;2.653229;0.2687904;-0.4651756;0.705049;0.298564;0.4442714;0.120975;2.647793;0.2562104;-0.4651756;0.705049;0.298564;0.4442714;
-8.809142E-21;2.599998;-5.746268E-20;0.4977095;0.5022801;0.4958968;0.5040699;0.207989;2.53278;0.2281118;0.4018778;0.7255775;0.5295725;0.1777206;0.1829171;2.600029;0.2021385;0.3045382;0.946794;-0.101815;0.02170904;0.1590316;2.61689;0.1993054;-0.07318525;0.9927405;-0.09533587;-0.00462386;0.1340354;2.613239;0.1998901;-0.07318525;0.9927405;-0.09533587;-0.00462386;0.1697522;2.621941;0.2358335;0.4197175;0.7642449;0.4207506;0.250472;0.1505477;2.652718;0.2348006;0.3870937;0.7818837;0.3910007;0.2931465;0.1398024;2.669437;0.2316707;0.3809211;0.7882026;0.3599008;0.3226566;0.1317887;2.682743;0.2279249;0.3809211;0.7882026;0.3599008;0.3226566;0.1586746;2.609142;0.246508;0.3413602;0.7473397;0.5249898;0.2221319;0.1316012;2.638985;0.2476277;0.2473776;0.7837596;0.4843479;0.2998875;0.1150915;2.654926;0.2421957;0.1542036;0.8070505;0.4320322;0.3718055;0.1034148;2.664776;0.2341309;0.1542036;0.8070505;0.4320322;0.3718055;0.1496191;2.591927;0.2529171;0.1830212;0.7652356;0.5310277;0.3145272;0.1205947;2.615841;0.2419957;-0.36669;0.6951739;0.1973543;0.5859378;0.118851;2.609119;0.2167405;0.7121708;-0.3317181;0.20011;-0.5854332;0.1324041;2.595432;0.2147385;0.7121708;-0.3317181;0.20011;-0.5854332;0.1419527;2.574265;0.2560719;0.01540071;0.7191181;0.556825;0.4154251;0.1206416;2.589611;0.2379595;-0.5307367;0.5380269;0.09832384;0.6474398;0.1276184;2.581169;0.2210634;0.7932459;-0.1195831;0.4006491;-0.4426524;0.1391713;2.571499;0.2304742;0.7932459;-0.1195831;0.4006491;-0.4426524;
-8.809142E-21;2.599998;-5.746268E-20;0.4977095;0.5022801;0.4958968;0.5040699;0.1748954;2.583748;0.262269;0.4270532;0.6432742;0.5640744;0.2926502;0.1552402;2.646976;0.2302523;-0.01601946;0.9898653;-0.1323938;0.04880784;0.1257536;2.645672;0.2275306;0.4106606;-0.8996265;0.1407526;0.04710582;0.1111828;2.629612;0.2319656;0.4106606;-0.8996265;0.1407526;0.04710582;0.1519025;2.678223;0.2658477;0.3807211;0.7428466;0.4316714;0.3418927;0.1343625;2.709908;0.2592549;0.2977834;0.7823268;0.4010116;0.3721282;0.1230696;2.725716;0.2521668;0.1070437;0.8391272;0.3180003;0.4281159;0.1132641;2.732975;0.2417205;0.1070437;0.8391272;0.3180003;0.4281159;0.1373733;2.667366;0.2749538;0.26337;0.7399507;0.5341555;0.31271;0.1098107;2.697281;0.2674708;0.1887285;0.7654183;0.5100985;0.343971;0.09294801;2.712856;0.259345;0.175855;0.7691947;0.505655;0.3488949;0.08072608;2.723824;0.2530312;0.175855;0.7691947;0.505655;0.3488949;0.1251671;2.651505;0.2798142;-0.14014;0.7419629;0.3573895;0.5496586;0.1110878;2.658791;0.2439617;0.6328203;-0.4463216;0.1349102;-0.6181706;0.1249431;2.640854;0.2345626;0.7415453;-0.2274998;0.3365261;-0.5339518;0.1376902;2.627598;0.239436;0.7415453;-0.2274998;0.3365261;-0.5339518;0.1145156;2.635113;0.2803617;-0.2360969;0.6612529;0.3724551;0.6068612;0.1098154;2.63942;0.2502626;0.6357754;-0.3447201;0.1494196;-0.6742641;0.1221218;2.628494;0.2455394;0.7100321;-0.1328315;0.3704554;-0.5839294;0.1326568;2.619011;0.2512012;0.7100321;-0.1328315;0.3704554;-0.5839294;
-8.809142E-21;2.599998;-5.746268E-20;0.4977095;0.5022801;0.4958968;0.5040699;0.1831229;2.572048;0.2406942;0.4999456;0.6412743;0.5528464;0.1821604;0.1633456;2.63271;0.2240645;0.09895667;0.9915504;-0.07024316;0.0458402;0.1347671;2.638268;0.2209838;0.2635803;-0.9607352;0.07602474;0.0416404;0.116028;2.627338;0.2236079;0.2635803;-0.9607352;0.07602474;0.0416404;0.1646642;2.664391;0.2591797;0.3998283;0.7190669;0.505032;0.260812;0.1448521;2.694916;0.2602302;0.3246523;0.7562991;0.4820157;0.3004554;0.1324717;2.7108;0.2573545;0.1363855;0.8171955;0.4135772;0.3775508;0.1219165;2.719135;0.2495007;0.1363855;0.8171955;0.4135772;0.3775508;0.1489222;2.654171;0.2673746;0.2395549;0.7340953;0.512058;0.3761839;0.1243229;2.68428;0.2548326;0.112761;0.7637206;0.4414005;0.4573639;0.1109666;2.69812;0.2404383;0.01029438;0.7720724;0.377798;0.5109473;0.1026047;2.705158;0.2267628;0.01029438;0.7720724;0.377798;0.5109473;0.1354202;2.639088;0.2710454;0.01053694;0.7418576;0.4431974;0.5031027;0.116474;2.656807;0.2427537;0.4932776;-0.5757533;-0.0003958717;-0.6520623;0.1245652;2.643192;0.2247471;0.7206771;-0.2479213;0.3479855;-0.545954;0.1363262;2.629536;0.2290237;0.7206771;-0.2479213;0.3479855;-0.545954;0.1235936;2.623505;0.2712338;-0.1808785;0.6603912;0.3848836;0.6188952;0.1184555;2.630741;0.2420802;0.565423;-0.3231528;0.1368218;-0.746424;0.1310877;2.621185;0.2365824;0.6278146;-0.1685786;0.2984602;-0.6988218;0.1424728;2.611828;0.2386532;0.6278146;-0.1685786;0.2984602;-0.6988218;
-8.809142E-21;2.599998;-5.746268E-20;0.4977095;0.5022801;0.4958968;0.5040699;0.1851501;2.571205;0.239305;0.5013759;0.6754141;0.5251703;0.1289738;0.1587631;2.631279;0.2244999;0.1816497;0.9818993;-0.05267118;0.01014397;0.1314787;2.641674;0.2233545;0.163201;-0.9839993;0.04395285;0.05638184;0.1110038;2.634789;0.2260829;0.163201;-0.9839993;0.04395285;0.05638184;0.1632324;2.662121;0.2587883;0.4016679;0.7403798;0.5003114;0.2004731;0.141631;2.690891;0.2625803;0.3649589;0.7596032;0.4798907;0.243953;0.129238;2.706787;0.2621694;0.3106622;0.7817982;0.4510194;0.298098;0.1195213;2.718441;0.2592991;0.3106622;0.7817982;0.4510194;0.298098;0.1486849;2.650955;0.268303;0.3179459;0.7276274;0.5141909;0.3241553;0.1249378;2.683086;0.2624724;0.2063707;0.7658849;0.4575788;0.401813;0.1108738;2.69931;0.2523542;-0.01192778;0.7896515;0.3251687;0.5201671;0.1030462;2.704762;0.2381994;-0.01192778;0.7896515;0.3251687;0.5201671;0.1359796;2.635498;0.2729386;0.05318174;0.7579488;0.4585821;0.4608558;0.1142726;2.654671;0.2481765;0.5071523;-0.5920291;-0.005565144;-0.6263127;0.1213946;2.640526;0.230363;0.7352987;-0.2723497;0.3195961;-0.5319968;0.1333764;2.62682;0.2336985;0.7352987;-0.2723497;0.3195961;-0.5319968;0.1248025;2.619415;0.2745722;-0.1089619;0.6877048;0.4332104;0.5722921;0.1150078;2.629955;0.2476991;0.5629219;-0.4511749;0.076049;-0.6883146;0.124796;2.619667;0.2386848;0.6884058;-0.2221991;0.3388364;-0.601594;0.1348248;2.609013;0.2416589;0.6884058;-0.2221991;0.3388364;-0.601594;
-8.809142E-21;2.599998;-5.746268E-20;0.4977095;0.5022801;0.4958968;0.5040699;0.1936814;2.562107;0.233956;0.5103349;0.6998719;0.4939472;0.07585309;0.1638471;2.621166;0.2219389;0.1543945;0.9861386;-0.05436094;-0.02716315;0.1361073;2.630135;0.2230127;0.167541;-0.9820735;0.03727069;0.07792571;0.1158533;2.623108;0.2266115;0.167541;-0.9820735;0.03727069;0.07792571;0.1698613;2.651985;0.2558177;0.3840603;0.771758;0.4612381;0.2101113;0.14754;2.680466;0.2569015;0.2722409;0.817012;0.4199066;0.2864519;0.1336456;2.694324;0.252058;0.1924278;0.8381346;0.3875628;0.3321104;0.1227605;2.703274;0.2457684;0.1924278;0.8381346;0.3875628;0.3321104;0.1564253;2.640442;0.2661265;0.3313116;0.7420723;0.5006927;0.2981075;0.1318941;2.672611;0.2616203;0.08567154;0.8090423;0.3858884;0.4349726;0.1172689;2.684055;0.2462494;-0.2352689;0.7815086;0.188066;0.5463735;0.1121229;2.681198;0.2296544;-0.2352689;0.7815086;0.188066;0.5463735;0.1447779;2.624466;0.2717243;0.02207756;0.7762051;0.4437875;0.447293;0.1219124;2.640934;0.2459586;0.529953;-0.5883616;-0.01367195;-0.6105682;0.1292295;2.62648;0.2285042;0.7265723;-0.3239007;0.2488578;-0.5524949;0.1415455;2.612698;0.2285729;0.7265723;-0.3239007;0.2488578;-0.5524949;0.1342813;2.608025;0.273815;-0.08527648;0.7077774;0.4574906;0.5314899;0.12148;2.619156;0.2485352;0.5551343;-0.4811331;0.02420163;-0.6780496;0.1304898;2.609627;0.2380176;0.6963803;-0.2442837;0.2916088;-0.6085591;0.1411131;2.599236;0.2396446;0.6963803;-0.2442837;0.2916088;-0.6085591;
-8.809142E-21;2.599998;-5.746268E-20;0.4977095;0.5022801;0.4958968;0.5040699;0.2057132;2.561569;0.2391873;0.538259;0.7178283;0.4406647;0.0285421;0.17327;2.619553;0.2291628;0.1771267;0.9773239;-0.08387308;-0.08018662;0.146325;2.630032;0.2328753;0.08500521;-0.9864309;0.05390906;0.1297008;0.1256279;2.62669;0.2386382;0.08500521;-0.9864309;0.05390906;0.1297008;0.1824546;2.651989;0.2614722;0.3506427;0.8231598;0.3911574;0.2155313;0.1583541;2.679199;0.2585297;0.1425977;0.8822962;0.3247743;0.3094207;0.1426655;2.688465;0.2492451;-0.01624805;0.8923379;0.2633844;0.3661945;0.1312104;2.691032;0.2388735;-0.01624805;0.8923379;0.2633844;0.3661945;0.17099;2.640366;0.2735502;0.2944492;0.793757;0.4446076;0.2925304;0.1440978;2.670238;0.2652256;-0.08047965;0.8458831;0.2775998;0.4482675;0.1298546;2.672993;0.2456589;0.4083325;-0.7503681;-0.07883735;-0.5138068;0.1274135;2.663624;0.2309384;0.4083325;-0.7503681;-0.07883735;-0.5138068;0.1609655;2.624043;0.2810619;0.03796083;0.8091123;0.4348252;0.3934763;0.13469;2.639458;0.257989;0.5332507;-0.638181;-0.05779675;-0.552294;0.1389508;2.624775;0.2397262;0.7532337;-0.3679775;0.1924665;-0.5100868;0.1510417;2.61092;0.2381489;0.7532337;-0.3679775;0.1924665;-0.5100868;0.1514812;2.607292;0.2848932;-0.04577902;0.7473146;0.4730554;0.464375;0.1342836;2.618584;0.2624299;0.5544906;-0.5524189;-0.04316103;-0.6208955;0.1407868;2.60918;0.2500672;0.7547485;-0.2347566;0.2874462;-0.5409431;0.1516374;2.599216;0.2527619;0.7547485;-0.2347566;0.2874462;-0.5409431;
-8.809142E-21;2.599998;-5.746268E-20;0.4977095;0.5022801;0.4958968;0.5040699;0.226897;2.554024;0.2429075;0.5851483;0.6875197;0.4300008;-0.004197031;0.1980904;2.613377;0.2398639;0.2646991;0.952715;-0.08724138;-0.1210676;0.173884;2.628693;0.2452416;0.1102637;0.9797676;-0.06003319;-0.1558638;0.1537192;2.633801;0.2515968;0.1102637;0.9797676;-0.06003319;-0.1558638;0.2106016;2.645184;0.2705922;0.3265959;0.8490067;0.3549223;0.2157624;0.1852498;2.671055;0.2656682;0.07676974;0.9069239;0.2818232;0.3035973;0.1687989;2.677406;0.2552795;-0.08606896;0.9066943;0.2236112;0.347125;0.1571897;2.677395;0.2448593;-0.08606896;0.9066943;0.2236112;0.347125;0.1999937;2.633633;0.2834333;0.2610382;0.8218957;0.4093719;0.2979285;0.171822;2.66127;0.272094;-0.1443948;0.8563192;0.2356181;0.4362929;0.157795;2.660255;0.2522939;0.4272582;-0.7632775;-0.07333586;-0.4790405;0.1547087;2.650047;0.2383675;0.4272582;-0.7632775;-0.07333586;-0.4790405;0.1904019;2.617382;0.2916359;0.1191343;0.8179256;0.4432471;0.3468958;0.1624704;2.636559;0.274;0.4507574;-0.718104;-0.122943;-0.5157803;0.1610054;2.624153;0.253702;0.7273635;-0.4557306;0.1334914;-0.4954111;0.1711535;2.609451;0.2489446;0.7273635;-0.4557306;0.1334914;-0.4954111;0.1809581;2.600784;0.2961961;0.004500329;0.7653484;0.4781263;0.4308329;0.1618096;2.613533;0.2762494;0.5083089;-0.6180413;-0.09646744;-0.5918962;0.1654748;2.604874;0.2622714;0.7520263;-0.308422;0.2332394;-0.5337899;0.1759843;2.594185;0.2625946;0.7520263;-0.308422;0.2332394;-0.5337899;
-8.809142E-21;2.599998;-5.746268E-20;0.4977095;0.5022801;0.4958968;0.5040699;0.2971961;2.528233;0.2643131;-0.7131593;-0.6323587;-0.2021345;0.2250957;0.2760274;2.590984;0.2768944;0.3541966;0.840762;-0.1974453;-0.3587194;0.2615588;2.612522;0.2906011;0.3058248;0.8570079;-0.1720614;-0.3773643;0.2499982;2.626839;0.3024559;0.3058248;0.8570079;-0.1720614;-0.3773643;0.3042708;2.619415;0.2972754;0.4002512;0.8784015;0.2597964;-0.02675883;0.2792439;2.644596;0.3066596;0.07698736;0.9621585;0.2551606;0.05672279;0.2590756;2.648209;0.3052047;-0.1132016;0.9590464;0.2392439;0.1008864;0.2441742;2.645573;0.3013361;-0.1132016;0.9590464;0.2392439;0.1008864;0.3011151;2.608265;0.3141606;0.3783855;0.8654592;0.3227704;0.0602015;0.271871;2.636692;0.3199318;-0.1448962;0.936532;0.2495688;0.1990694;0.2504091;2.63253;0.3090597;0.5245483;-0.7968435;-0.1407035;-0.2647497;0.2449788;2.619171;0.2990678;0.5245483;-0.7968435;-0.1407035;-0.2647497;0.2962754;2.592537;0.3266285;0.2555264;0.8803453;0.3798531;0.1241377;0.2640771;2.613258;0.3256611;0.3918873;-0.8448747;-0.2255714;-0.2858824;0.2513966;2.600597;0.309873;0.7019771;-0.6306958;-0.0800972;-0.3209914;0.254938;2.585182;0.3003112;0.7019771;-0.6306958;-0.0800972;-0.3209914;0.2898719;2.576458;0.3360305;0.1773153;0.8467441;0.4654777;0.1868546;0.2631942;2.590904;0.3313508;0.38869;-0.7741163;-0.2499561;-0.4326502;0.2577444;2.584435;0.3167371;0.6358563;-0.5879969;-0.08352436;-0.4929202;0.2622283;2.574306;0.3062968;0.6358563;-0.5879969;-0.08352436;-0.4929202;
-8.809142E-21;2.599998;-5.746268E-20;0.4977095;0.5022801;0.4958968;0.5040699;0.3403527;2.508183;0.2541029;-0.7071168;-0.5646471;-0.01002653;0.4255103;0.329267;2.568981;0.2745899;0.302422;0.8006961;-0.2261715;-0.4650521;0.318054;2.589149;0.2922966;0.1861905;0.8340774;-0.1575857;-0.4947879;0.3085042;2.599251;0.3088984;0.1861905;0.8340774;-0.1575857;-0.4947879;0.3601964;2.59671;0.2896467;0.424688;0.8660967;0.2217984;-0.1425563;0.3382184;2.621292;0.3056072;0.05169606;0.9648005;0.2554039;-0.03544909;0.317893;2.622963;0.3075446;-0.1786759;0.9495808;0.2557853;0.03074357;0.3033342;2.61792;0.3052104;-0.1786759;0.9495808;0.2557853;0.03074357;0.3612658;2.585197;0.3064953;0.4270638;0.8554008;0.2866554;-0.06111366;0.3353946;2.613743;0.3208664;-0.1656339;0.9417223;0.2710335;0.1107507;0.3129395;2.607613;0.3135978;0.5988404;-0.74872;-0.182688;-0.2177931;0.3096278;2.593212;0.3039948;0.5988404;-0.74872;-0.182688;-0.2177931;0.3598114;2.569172;0.3193832;0.2598819;0.8957841;0.3598863;0.02267535;0.3267905;2.587547;0.324954;0.4008615;-0.8495346;-0.2699986;-0.2114284;0.3127638;2.574081;0.311254;0.7178535;-0.62014;-0.1498643;-0.2786643;0.316193;2.5592;0.3009114;0.7178535;-0.62014;-0.1498643;-0.2786643;0.3559754;2.552837;0.3295861;0.2098677;0.8616545;0.4548724;0.08122912;0.328565;2.566086;0.3311268;-0.3468174;0.812228;0.3110413;0.3510796;0.3199403;2.56031;0.3178971;0.5916274;-0.6510944;-0.1813935;-0.4394881;0.3212318;2.551174;0.306128;0.5916274;-0.6510944;-0.1813935;-0.4394881;
-8.809142E-21;2.599998;-5.746268E-20;0.4977095;0.5022801;0.4958968;0.5040699;0.3794257;2.472023;0.2333628;-0.6460661;-0.5507796;0.09882846;0.5191083;0.364624;2.536175;0.2614276;0.1681355;0.5659605;-0.3022882;-0.7483591;0.3697707;2.554958;0.283476;0.005229868;0.5659446;-0.0671936;-0.8216839;0.3775091;2.557529;0.3040008;0.005229868;0.5659446;-0.0671936;-0.8216839;0.3905818;2.562065;0.264047;0.4042394;0.7529651;0.1134833;-0.5067109;0.384573;2.580105;0.2955766;-0.09074065;-0.8536329;-0.2935269;0.4206178;0.3715445;2.578251;0.3115237;0.1246372;-0.8497264;-0.3896929;0.3325211;0.3598081;2.570858;0.3188682;0.1246372;-0.8497264;-0.3896929;0.3325211;0.4041264;2.550762;0.2751975;0.3884868;0.8112978;0.1760316;-0.3998587;0.3884087;2.570805;0.3075345;0.1403361;-0.8828922;-0.377388;0.2416311;0.3677051;2.560364;0.315442;0.5086411;-0.7348391;-0.4439214;0.06503421;0.3593539;2.546181;0.3091713;0.5086411;-0.7348391;-0.4439214;0.06503421;0.4135981;2.534676;0.2841844;0.3228321;0.844929;0.2628198;-0.3358575;0.3918942;2.548653;0.3123553;0.2697146;-0.8456275;-0.4316025;0.160896;0.3726741;2.534588;0.3133393;0.5574356;-0.695298;-0.4526314;0.03084806;0.365684;2.519684;0.3047699;0.5574356;-0.695298;-0.4526314;0.03084806;0.4198178;2.517841;0.2926308;0.3698003;0.8203524;0.3328952;-0.2818704;0.4023724;2.53054;0.3143575;-0.2214744;0.8599979;0.4544641;-0.06939515;0.3872375;2.523117;0.3129839;0.5720614;-0.6906782;-0.4329356;-0.09097642;0.3823285;2.512501;0.3037161;0.5720614;-0.6906782;-0.4329356;-0.09097642;
-8.809142E-21;2.599998;-5.746268E-20;0.4977095;0.5022801;0.4958968;0.5040699;0.4023041;2.446636;0.202455;-0.63912;-0.5137413;0.08134523;0.5665496;0.3920018;2.510315;0.2351373;0.1324805;0.5383131;-0.2939689;-0.7786208;0.399215;2.52784;0.2573703;-0.004695058;0.5640604;-0.09887135;-0.8197794;0.4066925;2.531246;0.2774858;-0.004695058;0.5640604;-0.09887135;-0.8197794;0.4185977;2.534645;0.2378004;0.3565491;0.7274867;0.1559502;-0.5650799;0.4146402;2.547215;0.2720762;-0.08096449;-0.8266805;-0.3332813;0.4460579;0.4025666;2.543877;0.2883203;0.09915243;-0.8323537;-0.4230657;0.344052;0.3909627;2.536758;0.2959488;0.09915243;-0.8323537;-0.4230657;0.344052;0.4329498;2.522316;0.2462671;0.3575504;0.7858679;0.2135607;-0.4571227;0.4195496;2.537357;0.282012;0.0931624;-0.86189;-0.4151634;0.2758729;0.3993266;2.527931;0.2916869;0.4477437;-0.7424444;-0.4937403;0.06725013;0.3889579;2.515079;0.285672;0.4477437;-0.7424444;-0.4937403;0.06725013;0.4429019;2.50544;0.2527807;0.364563;0.8031092;0.2539369;-0.3970209;0.4269595;2.520031;0.2840942;0.1144479;-0.8599033;-0.4373389;0.2370714;0.4063687;2.510456;0.29138;0.4384511;-0.7486215;-0.4908097;0.08020595;0.3952163;2.496849;0.2856378;0.4384511;-0.7486215;-0.4908097;0.08020595;0.4494366;2.487896;0.2593113;0.4088415;0.8031776;0.2944767;-0.3178649;0.435351;2.502136;0.2821703;-0.09010214;0.8697745;0.4485043;-0.1849814;0.4198257;2.496696;0.2862311;0.4744;-0.7391247;-0.477008;0.03320676;0.411581;2.485661;0.2801569;0.4744;-0.7391247;-0.477008;0.03320676;
-8.809142E-21;2.599998;-5.746268E-20;0.4977095;0.5022801;0.4958968;0.5040699;0.412702;2.437969;0.1583111;-0.6232865;-0.4744308;0.04820352;0.6197626;0.4084337;2.492859;0.2039973;0.09375463;0.5247114;-0.2595199;-0.8053182;0.4175864;2.507896;0.2272174;-0.02638227;0.5429962;-0.07857263;-0.8356348;0.4262149;2.510124;0.2469829;-0.02638227;0.5429962;-0.07857263;-0.8356348;0.4372738;2.516457;0.2054328;0.3296544;0.7110012;0.1993019;-0.5882891;0.4339631;2.525021;0.2408194;-0.1160921;-0.7994815;-0.3491205;0.4748335;0.4233272;2.52206;0.257942;0.06265871;-0.8173341;-0.4462837;0.3589846;0.4119486;2.515511;0.2661673;0.06265871;-0.8173341;-0.4462837;0.3589846;0.4511672;2.502361;0.2113707;0.3993835;0.721257;0.2369146;-0.5139579;0.4449976;2.515846;0.2490687;-0.1418086;-0.8203864;-0.3894059;0.3939791;0.4291532;2.514137;0.2674113;0.1981781;-0.8136126;-0.5137894;0.1864961;0.414104;2.505054;0.269175;0.1981781;-0.8136126;-0.5137894;0.1864961;0.460442;2.484364;0.2153388;0.4332088;0.7191719;0.2678646;-0.4726208;0.4537081;2.498394;0.2498518;0.1510846;0.8203197;0.42239;-0.3547336;0.4369371;2.497265;0.2666507;0.1888115;-0.8089374;-0.529897;0.1708217;0.420859;2.488277;0.2680596;0.1888115;-0.8089374;-0.529897;0.1708217;0.4664554;2.465805;0.219487;0.4669882;0.7482522;0.2907954;-0.3707812;0.4576898;2.480461;0.2445565;0.1662704;0.8375548;0.4288625;-0.2948442;0.4446154;2.480942;0.2552786;0.2755829;-0.7934644;-0.5277306;0.1263678;0.4323744;2.472382;0.2539238;0.2755829;-0.7934644;-0.5277306;0.1263678;
-8.809142E-21;2.599998;-5.746268E-20;0.4977095;0.5022801;0.4958968;0.5040699;0.4276714;2.43251;0.1211353;-0.4380208;-0.5100885;0.07143573;0.7367799;0.4138096;2.468967;0.1861464;-0.08154772;0.5513092;-0.2766089;-0.7828766;0.4206245;2.479012;0.2126531;-0.1649177;0.544719;-0.1588396;-0.8067548;0.4283267;2.480667;0.2327961;-0.1649177;0.544719;-0.1588396;-0.8067548;0.4409611;2.499702;0.1884944;0.2211019;0.7092208;0.1833206;-0.6438272;0.4382081;2.50248;0.2245591;-0.1733005;-0.7313397;-0.2286807;0.6187202;0.4346829;2.501785;0.2445256;-0.09682244;-0.75571;-0.2936085;0.5773405;0.429771;2.498775;0.2590367;-0.09682244;-0.75571;-0.2936085;0.5773405;0.456994;2.48698;0.1892899;0.3188967;0.6889937;0.224801;-0.6107842;0.4548124;2.493622;0.2293146;-0.2115045;-0.7269669;-0.3181523;0.5705824;0.4484906;2.492222;0.2526283;0.1560839;-0.7427918;-0.5458099;0.3549505;0.4362256;2.481358;0.2588887;0.1560839;-0.7427918;-0.5458099;0.3549505;0.4690973;2.470222;0.187307;0.3676846;0.6548936;0.2643663;-0.6050068;0.4690378;2.476315;0.2249262;0.08514997;0.7359095;0.4795046;-0.4703855;0.4560948;2.468586;0.2434322;0.4567723;-0.5837129;-0.6697374;0.0457249;0.4449293;2.457111;0.2326543;0.4567723;-0.5837129;-0.6697374;0.0457249;0.4780728;2.452229;0.1855723;0.4134915;0.6994363;0.2882736;-0.5066676;0.4735689;2.460873;0.2143451;0.1738962;0.7610851;0.4464419;-0.4372633;0.4641907;2.458775;0.2281587;0.4431799;-0.6224203;-0.6370336;0.1018476;0.4552584;2.448395;0.2214893;0.4431799;-0.6224203;-0.6370336;0.1018476;
???Right;invalid_hand;
???Right;invalid_hand;
???Right;invalid_hand;
???Right;invalid_hand;
???Right;invalid_hand;
???Right;invalid_hand;
???Right;invalid_hand;
???Right;invalid_hand;
???Right;invalid_hand;
???Right;invalid_hand;
???Right;invalid_hand;
???Right;invalid_hand;
???Right;invalid_hand;
???Right;invalid_hand;
???Right;invalid_hand;
???Right;invalid_hand;
???Right;invalid_hand;
???Right;invalid_hand;
???Right;invalid_hand;
???Right;invalid_hand;
???Right;invalid_hand;
???Right;invalid_hand;
???Right;invalid_hand;
???Right;invalid_hand;
???Right;invalid_hand;
???Right;invalid_hand;
???Right;invalid_hand;
???Right;invalid_hand;
???Right;invalid_hand;
???Right;invalid_hand;
???Right;invalid_hand;
???Right;invalid_hand;

