##;ONE;##
???Right;invalid_hand;
???Right;invalid_hand;
???Right;invalid_hand;
???Right;invalid_hand;
???Right;invalid_hand;
???Right;invalid_hand;
???Right;invalid_hand;
???Right;invalid_hand;
???Right;invalid_hand;
???Right;invalid_hand;
???Right;invalid_hand;
???Right;invalid_hand;
???Right;invalid_hand;
???Right;invalid_hand;
???Right;invalid_hand;
???Right;invalid_hand;
???Right;invalid_hand;
???Right;invalid_hand;
???Right;invalid_hand;
???Right;invalid_hand;
???Right;invalid_hand;
???Right;invalid_hand;
???Right;invalid_hand;
???Right;invalid_hand;
???Right;invalid_hand;
???Right;invalid_hand;
???Right;invalid_hand;
???Right;invalid_hand;
???Right;invalid_hand;
-8.809142E-21;2.599998;-5.746268E-20;0.4977095;0.5022801;0.4958968;0.5040699;0.2008196;2.495895;0.2006145;0.5640525;0.3836876;0.7247859;-0.09650946;0.2058311;2.552017;0.2443996;0.54576;0.7565225;0.2055569;-0.2959155;0.1991926;2.572411;0.2638296;0.3463936;0.8673879;0.2694544;-0.2346143;0.1851141;2.582687;0.2766896;0.3463936;0.8673879;0.2694544;-0.2346143;0.1897778;2.53688;0.2851844;0.5557081;0.5009221;0.663371;0.01429661;0.175796;2.557945;0.3116308;0.4636018;0.5867075;0.6521857;0.1245052;0.1646319;2.572559;0.321114;0.3819017;0.642877;0.6301804;0.2091242;0.1548182;2.584488;0.3244723;0.3819017;0.642877;0.6301804;0.2091242;0.176467;2.521725;0.286198;0.5144886;0.441269;0.7334518;0.05130114;0.1573316;2.543499;0.3153453;0.4374928;0.5176859;0.7158432;0.1678395;0.1436758;2.560371;0.3263471;0.3869499;0.5566636;0.6966842;0.2345782;0.1332468;2.573753;0.3312573;0.3869499;0.5566636;0.6966842;0.2345782;0.1633725;2.50721;0.280084;0.4999776;0.3786542;0.7788103;0.009901509;0.144295;2.522293;0.3095223;0.4339782;0.4532463;0.7669995;0.1339488;0.1303326;2.536541;0.3224464;0.3669556;0.5090475;0.7406979;0.2399604;0.1189638;2.550007;0.3279747;0.3669556;0.5090475;0.7406979;0.2399604;0.150645;2.495762;0.2707538;0.4129206;0.3251427;0.8485135;0.061674;0.1309802;2.507019;0.2906771;0.3605981;0.3831261;0.8294839;0.1874574;0.1197168;2.516903;0.298318;0.3381974;0.4035487;0.8168608;0.2356047;0.1098682;2.526718;0.3037232;0.3381974;0.4035487;0.8168608;0.2356047;
-8.809142E-21;2.599998;-5.746268E-20;0.4977095;0.5022801;0.4958968;0.5040699;0.1853503;2.529938;0.2103851;0.5140669;0.3871213;0.7546962;0.1276954;0.197016;2.606552;0.23792;0.6112241;0.7439992;0.2136854;-0.164952;0.191259;2.630852;0.2525836;0.4044296;0.8753059;0.2449143;-0.1014568;0.1771299;2.645111;0.2607219;0.4044296;0.8753059;0.2449143;-0.1014568;0.1698292;2.596653;0.2792843;0.5099499;0.5096106;0.6642342;0.197589;0.1551213;2.625237;0.2966776;0.4134904;0.590483;0.6203336;0.3090991;0.1454782;2.64323;0.2997279;0.3404967;0.635448;0.5797964;0.379611;0.1379093;2.656998;0.2983462;0.3404967;0.635448;0.5797964;0.379611;0.1538639;2.58424;0.2790967;0.4710958;0.4263697;0.7480779;0.191461;0.1340476;2.612473;0.3013083;0.3782488;0.5104166;0.6964414;0.3337254;0.1221406;2.633106;0.3058197;0.3032869;0.5582436;0.6434122;0.4270859;0.1142086;2.64872;0.3042984;0.3032869;0.5582436;0.6434122;0.4270859;0.1393411;2.571812;0.271784;0.4515389;0.3670403;0.8003848;0.1441471;0.1183495;2.593224;0.2952856;0.3632908;0.4537328;0.7531832;0.3079959;0.1054117;2.612015;0.3016229;0.2971481;0.4994783;0.7044215;0.4074495;0.09636761;2.628044;0.3018367;0.2971481;0.4994783;0.7044215;0.4074495;0.1262947;2.561909;0.2611606;0.3503076;0.3119348;0.8658233;0.1741592;0.1054348;2.577545;0.2761313;0.2821852;0.3749295;0.8141415;0.3420134;0.09529281;2.590393;0.2795258;0.2255136;0.4116055;0.7554029;0.4572647;0.0881789;2.603378;0.2789963;0.2255136;0.4116055;0.7554029;0.4572647;
-8.809142E-21;2.599998;-5.746268E-20;0.4977095;0.5022801;0.4958968;0.5040699;0.1758131;2.547844;0.205194;0.4395697;0.4651586;0.7343674;0.2260766;0.1895151;2.629471;0.2222714;0.6596172;0.7079225;0.2178362;-0.127666;0.1866949;2.654892;0.2358117;0.4762079;0.8414972;0.243638;-0.07582463;0.1751185;2.671436;0.2435948;0.4762079;0.8414972;0.243638;-0.07582463;0.155602;2.627388;0.2595946;0.5037561;0.5101486;0.652083;0.2465082;0.1420846;2.657822;0.2743607;0.4374019;0.5674106;0.6194193;0.3210066;0.1336287;2.676205;0.2780105;0.3714203;0.6124905;0.5823479;0.3844142;0.1268986;2.69038;0.2774088;0.3714203;0.6124905;0.5823479;0.3844142;0.1391117;2.615685;0.2593066;0.4788546;0.408976;0.753399;0.1892808;0.1198962;2.643372;0.28249;0.4136324;0.4734997;0.7201706;0.2933618;0.10815;2.663074;0.2901827;0.3546721;0.5186937;0.682528;0.3732561;0.09991082;2.678463;0.291883;0.3546721;0.5186937;0.682528;0.3732561;0.1247536;2.602955;0.2521719;0.4381961;0.3714794;0.8043702;0.1515798;0.1031452;2.624538;0.2746246;0.3715355;0.4362919;0.771978;0.2750653;0.08965596;2.642181;0.2824861;0.320166;0.4746823;0.7384106;0.3562594;0.07974358;2.657387;0.2849519;0.320166;0.4746823;0.7384106;0.3562594;0.112223;2.592144;0.2418374;0.3458452;0.3052263;0.878455;0.1246789;0.09033293;2.605049;0.2577823;0.2840415;0.3615188;0.8441658;0.2756972;0.07889004;2.61623;0.2624542;0.2355423;0.3943709;0.8040358;0.377516;0.06994987;2.627964;0.2636529;0.2355423;0.3943709;0.8040358;0.377516;
-8.809142E-21;2.599998;-5.746268E-20;0.4977095;0.5022801;0.4958968;0.5040699;0.1630816;2.557655;0.2001586;0.3996389;0.4377222;0.7529413;0.2859506;0.1862001;2.632107;0.2166579;0.7221699;0.6559234;0.2186642;-0.02052723;0.1874104;2.659336;0.2265873;0.5552481;0.8053105;0.2030101;0.04429063;0.1791532;2.679188;0.2299406;0.5552481;0.8053105;0.2030101;0.04429063;0.1417402;2.640888;0.2452341;0.4765113;0.4866772;0.6520942;0.3329502;0.1298374;2.673649;0.2560816;0.4138939;0.5402851;0.6101404;0.4056019;0.1230249;2.693069;0.2574509;0.3587157;0.5784598;0.5701084;0.4600914;0.1179976;2.707863;0.2555098;0.3587157;0.5784598;0.5701084;0.4600914;0.1243496;2.630665;0.243537;0.4336081;0.4042934;0.7611054;0.2631528;0.1043817;2.661438;0.2618738;0.3774923;0.4556801;0.7244018;0.3536913;0.09308437;2.682182;0.2673093;0.3328483;0.4888249;0.6904932;0.4165112;0.08551338;2.697987;0.2682301;0.3328483;0.4888249;0.6904932;0.4165112;0.1101442;2.618092;0.235828;0.3933999;0.3759654;0.8111532;0.2142833;0.08739763;2.64249;0.2539245;0.3419111;0.4227066;0.7783034;0.3141022;0.07397544;2.66082;0.2602043;0.305113;0.4498114;0.7499214;0.3770865;0.06428;2.676205;0.2623724;0.305113;0.4498114;0.7499214;0.3770865;0.09846292;2.606674;0.2251204;0.2853873;0.3203614;0.8918144;0.1434933;0.0746104;2.619812;0.2376181;0.2175365;0.3674257;0.8532218;0.2994815;0.06251688;2.630974;0.2401338;0.1815872;0.3858973;0.8237138;0.3736385;0.05284246;2.642139;0.2402928;0.1815872;0.3858973;0.8237138;0.3736385;
-8.809142E-21;2.599998;-5.746268E-20;0.4977095;0.5022801;0.4958968;0.5040699;0.1628679;2.542698;0.2124611;0.3854277;0.5051739;0.7191046;0.2813066;0.1869768;2.613121;0.2279167;0.7598158;0.6064881;0.2324346;0.02874782;0.1915006;2.640202;0.2371217;0.6583276;0.7149112;0.227407;0.06158649;0.188772;2.661255;0.2417126;0.6583276;0.7149112;0.227407;0.06158649;0.1392437;2.628422;0.2475201;0.4921937;0.4536684;0.6758379;0.3085019;0.1274318;2.659805;0.261525;0.4416126;0.5028009;0.6403336;0.3770178;0.1207575;2.67881;0.2653474;0.4013497;0.5353898;0.610079;0.424358;0.1157805;2.693657;0.2659007;0.4013497;0.5353898;0.610079;0.424358;0.12186;2.618313;0.2455835;0.431206;0.4028368;0.7647051;0.2588633;0.1017104;2.648628;0.2639726;0.3851102;0.4471055;0.7322307;0.3400367;0.0903327;2.668926;0.2702362;0.353666;0.4723728;0.7072802;0.3892804;0.08253402;2.684372;0.2725495;0.353666;0.4723728;0.7072802;0.3892804;0.1081165;2.604828;0.238646;0.3765718;0.3964908;0.8097755;0.2127259;0.08446478;2.629131;0.2553188;0.3262143;0.4385999;0.7789549;0.3073169;0.07041962;2.647091;0.2609206;0.291763;0.4621455;0.7535923;0.3652318;0.06014778;2.662056;0.2627847;0.291763;0.4621455;0.7535923;0.3652318;0.09720195;2.591969;0.2288844;0.2728033;0.3598086;0.8790944;0.1526741;0.07315518;2.605865;0.2399394;0.213392;0.3969453;0.847187;0.2813768;0.06070199;2.616589;0.242231;0.1655626;0.4190284;0.8103509;0.3746143;0.05090532;2.627586;0.2415582;0.1655626;0.4190284;0.8103509;0.3746143;
-8.809142E-21;2.599998;-5.746268E-20;0.4977095;0.5022801;0.4958968;0.5040699;0.1566823;2.541256;0.2116101;0.3865081;0.4842031;0.7269067;0.2962525;0.1821252;2.610943;0.2284249;0.7667583;0.5939811;0.2402738;0.03920192;0.1873011;2.637836;0.2377342;0.6758326;0.6953388;0.2338312;0.07125372;0.1856488;2.658897;0.2424302;0.6758326;0.6953388;0.2338312;0.07125372;0.134113;2.627071;0.2466426;0.4889138;0.4455587;0.6773229;0.3219852;0.1226849;2.658745;0.2602794;0.4436658;0.4906913;0.6429226;0.3860485;0.116368;2.677841;0.2642063;0.4114799;0.5179566;0.6172439;0.4259287;0.1116954;2.692741;0.2652509;0.4114799;0.5179566;0.6172439;0.4259287;0.116648;2.617191;0.2442708;0.422284;0.4000914;0.7644099;0.2779942;0.09672183;2.648293;0.2615201;0.3801312;0.4399912;0.733697;0.351564;0.08554976;2.668777;0.267504;0.3548653;0.4605053;0.7133409;0.3913446;0.07784171;2.684219;0.2700486;0.3548653;0.4605053;0.7133409;0.3913446;0.1029067;2.60387;0.2370298;0.366627;0.3946811;0.8102825;0.2307682;0.07930566;2.628933;0.2525949;0.3224094;0.4311209;0.7821295;0.313785;0.06533702;2.646976;0.2580813;0.2922335;0.4519769;0.7595955;0.3651462;0.05507645;2.661915;0.2601586;0.2922335;0.4519769;0.7595955;0.3651462;0.0920827;2.591125;0.2270446;0.2665091;0.356108;0.881052;0.1609589;0.06799542;2.60527;0.2376515;0.2109385;0.3905323;0.8506089;0.2818765;0.05552308;2.615955;0.2399514;0.1644462;0.412129;0.8147178;0.3732861;0.04569131;2.626915;0.2393657;0.1644462;0.412129;0.8147178;0.3732861;
-8.809142E-21;2.599998;-5.746268E-20;0.4977095;0.5022801;0.4958968;0.5040699;0.1585099;2.535007;0.2074232;0.4007066;0.4660721;0.7391818;0.2753566;0.1851239;2.601357;0.2306871;0.7858539;0.5607585;0.2587577;0.03206297;0.1919785;2.627304;0.2413995;0.7177731;0.6460946;0.2519644;0.06226948;0.1928026;2.648018;0.2474751;0.7177731;0.6460946;0.2519644;0.06226948;0.1360573;2.619316;0.2461031;0.486595;0.4339709;0.6825994;0.3300799;0.1248726;2.650963;0.2597988;0.4439101;0.4773769;0.6493475;0.3916671;0.1187616;2.670017;0.2639377;0.4158064;0.501959;0.6264213;0.4274798;0.1142566;2.684887;0.2653698;0.4158064;0.501959;0.6264213;0.4274798;0.1185352;2.609703;0.243272;0.4075396;0.3997156;0.7634935;0.3020211;0.09878415;2.641724;0.2587675;0.3701884;0.4339782;0.7351283;0.3663469;0.08778916;2.662392;0.2642055;0.3521339;0.4485995;0.7202755;0.394922;0.08013256;2.677788;0.2668666;0.3521339;0.4485995;0.7202755;0.394922;0.1048049;2.596588;0.2356607;0.3477048;0.3965195;0.8097573;0.2572299;0.08120337;2.622692;0.2492017;0.3102907;0.4260715;0.7841316;0.3275983;0.06732449;2.640911;0.2540585;0.2839183;0.4439546;0.7635578;0.3731951;0.05713107;2.655869;0.2559183;0.2839183;0.4439546;0.7635578;0.3731951;0.09410816;2.584045;0.2253374;0.2533363;0.3547313;0.8815568;0.1812293;0.07007922;2.59893;0.2348198;0.2055957;0.3839285;0.8523471;0.2895405;0.05771891;2.609695;0.2369379;0.1659293;0.4025996;0.8199827;0.3714966;0.04788633;2.620613;0.2365406;0.1659293;0.4025996;0.8199827;0.3714966;
-8.809142E-21;2.599998;-5.746268E-20;0.4977095;0.5022801;0.4958968;0.5040699;0.1564238;2.529697;0.2101469;0.3938684;0.4652267;0.7382501;0.2888231;0.1831933;2.596527;0.2320773;0.7849592;0.5624816;0.2571132;0.03669727;0.1899811;2.622574;0.2425431;0.7158674;0.6488806;0.2488001;0.06772549;0.1907173;2.643356;0.2483356;0.7158674;0.6488806;0.2488001;0.06772549;0.1341078;2.614559;0.2474598;0.4865244;0.4329839;0.682904;0.3308498;0.122962;2.646191;0.2611534;0.4452373;0.4751709;0.6506376;0.3907014;0.1168737;2.665211;0.2654013;0.4158573;0.5009932;0.6265775;0.4283339;0.1123972;2.680073;0.2668345;0.4158573;0.5009932;0.6265775;0.4283339;0.1165828;2.604973;0.2446062;0.4065661;0.3998535;0.7630926;0.3041564;0.09688707;2.63707;0.2599455;0.3696035;0.4338814;0.73432;0.3686659;0.0859619;2.657772;0.2652978;0.3509423;0.4490043;0.7186117;0.3985377;0.07838295;2.673206;0.2678444;0.3509423;0.4490043;0.7186117;0.3985377;0.102855;2.591862;0.2369894;0.3473369;0.3961144;0.8104086;0.2562981;0.07921443;2.617882;0.2505525;0.3103481;0.4254295;0.784933;0.3264573;0.0653134;2.636051;0.255452;0.2826213;0.4442261;0.7631437;0.3747003;0.05514259;2.651012;0.2572421;0.2826213;0.4442261;0.7631437;0.3747003;0.09216933;2.579315;0.2266644;0.250932;0.355837;0.8816007;0.1821909;0.06809861;2.594212;0.2359859;0.2020849;0.3851228;0.8518986;0.2917381;0.05573992;2.604992;0.2379617;0.1642099;0.4026556;0.8212657;0.3693596;0.04584892;2.615849;0.2375541;0.1642099;0.4026556;0.8212657;0.3693596;
-8.809142E-21;2.599998;-5.746268E-20;0.4977095;0.5022801;0.4958968;0.5040699;0.1555565;2.524887;0.2110429;0.3921037;0.4522999;0.7502398;0.2807484;0.1830946;2.589035;0.2374307;0.7956012;0.5396134;0.2740809;0.02675651;0.1908226;2.614273;0.2491993;0.7331173;0.6232843;0.2656016;0.05925895;0.1925931;2.634701;0.2560177;0.7331173;0.6232843;0.2656016;0.05925895;0.132331;2.608295;0.2508537;0.4861751;0.4177007;0.6943234;0.3272231;0.1209757;2.639507;0.2654252;0.4505813;0.4558399;0.6654862;0.3825113;0.114815;2.658318;0.2705573;0.4267351;0.4781684;0.6454391;0.4155248;0.1102789;2.673069;0.2729542;0.4267351;0.4781684;0.6454391;0.4155248;0.1148124;2.598873;0.247417;0.4004933;0.3895223;0.7692035;0.3101665;0.09499621;2.630997;0.262662;0.3702428;0.4182948;0.7441072;0.3664074;0.08399849;2.651562;0.2685414;0.3556668;0.4307313;0.7312042;0.3915514;0.07632991;2.666866;0.2717252;0.3556668;0.4307313;0.7312042;0.3915514;0.1011872;2.58596;0.2392793;0.3468373;0.3824812;0.8155664;0.261273;0.07768805;2.612053;0.2530827;0.3137251;0.4103413;0.7902029;0.3298125;0.0639683;2.630295;0.2583574;0.2914977;0.4265247;0.771096;0.3721784;0.05389794;2.645275;0.2607622;0.2914977;0.4265247;0.771096;0.3721784;0.09067467;2.573624;0.2285272;0.2542684;0.3400429;0.8876746;0.1781915;0.06660825;2.588211;0.2383736;0.2078117;0.3701255;0.8573051;0.29129;0.05430961;2.599014;0.2406992;0.1692011;0.3892744;0.8235748;0.3762464;0.0446122;2.610062;0.2404898;0.1692011;0.3892744;0.8235748;0.3762464;
-8.809142E-21;2.599998;-5.746268E-20;0.4977095;0.5022801;0.4958968;0.5040699;0.1565003;2.519733;0.2135283;0.383311;0.4404168;0.7567116;0.2940974;0.184914;2.582443;0.2419301;0.8018426;0.5208908;0.2918115;0.02382396;0.1932174;2.607002;0.2547438;0.745512;0.6001495;0.2844623;0.05580173;0.1957643;2.627037;0.2624658;0.745512;0.6001495;0.2844623;0.05580173;0.1331436;2.602962;0.2534692;0.4881435;0.3983448;0.7032341;0.3293923;0.1220305;2.633877;0.2688545;0.4547478;0.4363803;0.6738365;0.3856444;0.1161231;2.652622;0.2745034;0.4342743;0.4568135;0.655265;0.4163595;0.1118112;2.667339;0.2774509;0.4342743;0.4568135;0.655265;0.4163595;0.1156084;2.593819;0.249387;0.3973832;0.373952;0.7770805;0.3136761;0.09576301;2.625771;0.2649829;0.3678699;0.4029254;0.7513115;0.3712869;0.08485179;2.64632;0.271082;0.3521488;0.4167048;0.7366484;0.3996217;0.0773184;2.661686;0.2743173;0.3521488;0.4167048;0.7366484;0.3996217;0.1020625;2.581192;0.2406791;0.3418576;0.3692939;0.8208966;0.2699707;0.07864311;2.607449;0.2543358;0.3071588;0.3984932;0.793565;0.3422151;0.06511705;2.625916;0.2593683;0.2857536;0.4140718;0.7746531;0.3831477;0.05522503;2.641037;0.2616528;0.2857536;0.4140718;0.7746531;0.3831477;0.09171174;2.56913;0.2294559;0.2431438;0.3296129;0.8939319;0.181996;0.06738658;2.583614;0.2388445;0.1939946;0.3600854;0.8612878;0.3014766;0.05509916;2.594513;0.2407805;0.1509984;0.3800621;0.8223924;0.3955041;0.04566289;2.60577;0.2400114;0.1509984;0.3800621;0.8223924;0.3955041;
-8.809142E-21;2.599998;-5.746268E-20;0.4977095;0.5022801;0.4958968;0.5040699;0.1577665;2.516979;0.2135224;0.3722723;0.4329693;0.7647157;0.2985985;0.1853743;2.579151;0.2434257;0.8010061;0.513199;0.3071705;0.02573455;0.1936093;2.603401;0.2569009;0.7545738;0.5807958;0.3005533;0.05442963;0.1967398;2.623074;0.2653467;0.7545738;0.5807958;0.3005533;0.05442963;0.1334441;2.599751;0.2537587;0.4879499;0.3827757;0.7090715;0.3355675;0.1226053;2.630585;0.269553;0.4544221;0.4224361;0.6776145;0.3948258;0.116973;2.649395;0.2753292;0.4350267;0.4424375;0.659018;0.4250841;0.112908;2.664165;0.2784116;0.4350267;0.4424375;0.659018;0.4250841;0.1159735;2.590759;0.2490369;0.3926775;0.3607885;0.7837572;0.3183728;0.09604934;2.622646;0.2647598;0.3625146;0.3911316;0.7556025;0.3803478;0.08526702;2.643311;0.2707854;0.3451413;0.4065557;0.7382705;0.4129735;0.07793416;2.658833;0.2738156;0.3451413;0.4065557;0.7382705;0.4129735;0.1026161;2.578327;0.2397674;0.3312888;0.3596983;0.8274144;0.2761353;0.07889389;2.604591;0.2529723;0.2964704;0.3886379;0.7990055;0.3502236;0.0653132;2.623123;0.2576998;0.2740374;0.4046847;0.778425;0.3939397;0.05547847;2.638348;0.2596651;0.2740374;0.4046847;0.778425;0.3939397;0.09251715;2.56646;0.2280908;0.2251213;0.3230579;0.9000486;0.1867266;0.06776398;2.580841;0.2365897;0.1756505;0.3515852;0.8664213;0.3079762;0.05536625;2.591724;0.2380441;0.1325702;0.3699802;0.8262591;0.4035296;0.04595455;2.602989;0.236873;0.1325702;0.3699802;0.8262591;0.4035296;
-8.809142E-21;2.599998;-5.746268E-20;0.4977095;0.5022801;0.4958968;0.5040699;0.1608067;2.515293;0.2139357;0.358992;0.4219255;0.7754397;0.3029799;0.1878074;2.576782;0.246003;0.7998513;0.5049658;0.3235189;0.0241508;0.1959367;2.600624;0.2602822;0.756233;0.5692995;0.3182528;0.05220496;0.1991674;2.619984;0.2694165;0.756233;0.5692995;0.3182528;0.05220496;0.13535;2.597446;0.2548344;0.4861028;0.3696147;0.7154191;0.3395064;0.1245678;2.628143;0.2709816;0.4548803;0.4080514;0.6842532;0.3979644;0.1190514;2.6469;0.2770784;0.4373291;0.4269137;0.6665385;0.4268664;0.1150938;2.66164;0.2804959;0.4373291;0.4269137;0.6665385;0.4268664;0.1180207;2.58849;0.2495083;0.386682;0.3502192;0.7893155;0.3237357;0.09798561;2.620373;0.2651531;0.3583302;0.3793686;0.7612684;0.3849021;0.08722074;2.641037;0.2712603;0.3409844;0.3951007;0.742977;0.4190591;0.07996083;2.656597;0.2743222;0.3409844;0.3951007;0.742977;0.4190591;0.1049467;2.576138;0.2397242;0.3190294;0.3524311;0.8336797;0.2810526;0.08081923;2.602345;0.2523404;0.2855683;0.3798898;0.8050849;0.3549269;0.0670919;2.620846;0.256803;0.2631246;0.3957128;0.7835414;0.4002999;0.05722445;2.636086;0.2585454;0.2631246;0.3957128;0.7835414;0.4002999;0.09519552;2.564381;0.2276287;0.2043194;0.3183603;0.9071836;0.1841688;0.06984419;2.578247;0.235201;0.1563315;0.343658;0.8746976;0.3039141;0.05714924;2.588833;0.2362724;0.1115801;0.3607857;0.8323272;0.4057277;0.04763727;2.599964;0.2346961;0.1115801;0.3607857;0.8323272;0.4057277;
-8.809142E-21;2.599998;-5.746268E-20;0.4977095;0.5022801;0.4958968;0.5040699;0.1613636;2.513638;0.2180464;0.3446908;0.3979705;0.7923378;0.308235;0.1881625;2.573376;0.2542409;0.800575;0.4881114;0.3469137;0.02186225;0.1963632;2.596474;0.2697262;0.7591457;0.5524033;0.340262;0.05263312;0.1997914;2.615433;0.2796647;0.7591457;0.5524033;0.340262;0.05263312;0.134421;2.594418;0.2610291;0.4923461;0.3363872;0.7272131;0.3400001;0.1240901;2.624474;0.2787665;0.4636292;0.3765286;0.6938784;0.4022527;0.1190322;2.643108;0.2857561;0.4449735;0.398731;0.6725978;0.436606;0.1155394;2.657883;0.2896826;0.4449735;0.398731;0.6725978;0.436606;0.1173179;2.58567;0.2545629;0.3822107;0.323808;0.8025197;0.3240768;0.09697742;2.617043;0.2710589;0.356573;0.3520189;0.7751963;0.3847197;0.08611901;2.637516;0.27787;0.3379438;0.3699962;0.7540843;0.4245635;0.07892834;2.653091;0.2812899;0.3379438;0.3699962;0.7540843;0.4245635;0.1047038;2.573635;0.2437933;0.3009964;0.3327836;0.8501568;0.2754811;0.07943948;2.598965;0.256238;0.2696628;0.3580973;0.823438;0.3478482;0.06502543;2.616989;0.2608287;0.2489076;0.3726297;0.8034404;0.3920151;0.05462394;2.631901;0.2628005;0.2489076;0.3726297;0.8034404;0.3920151;0.09547904;2.562195;0.2308943;0.1557922;0.308381;0.9245597;0.1606852;0.06853057;2.573967;0.2365597;0.1091551;0.3265117;0.8987595;0.2714897;0.05475408;2.58326;0.2368804;0.06495735;0.3386662;0.8619711;0.3716069;0.04418773;2.593372;0.2348165;0.06495735;0.3386662;0.8619711;0.3716069;
-8.809142E-21;2.599998;-5.746268E-20;0.4977095;0.5022801;0.4958968;0.5040699;0.1624827;2.511826;0.2213963;0.3461514;0.3530076;0.8198275;0.2888732;0.1879117;2.569073;0.2639715;0.7949299;0.4841859;0.3650874;0.01902245;0.1955904;2.591816;0.2802839;0.7632061;0.5354632;0.3587591;0.04568971;0.199262;2.610271;0.2911093;0.7632061;0.5354632;0.3587591;0.04568971;0.1337095;2.588703;0.271054;0.4906402;0.310136;0.7412357;0.3371311;0.1230951;2.618011;0.2899443;0.4613896;0.3527416;0.7074476;0.4027544;0.1179574;2.636429;0.2975273;0.4419562;0.376684;0.6853688;0.4393789;0.1144503;2.651123;0.3018442;0.4419562;0.376684;0.6853688;0.4393789;0.1168718;2.58028;0.2634681;0.378176;0.2947904;0.8176323;0.3186835;0.09595966;2.610744;0.2810946;0.3521068;0.3251106;0.7888919;0.3846733;0.08492423;2.63097;0.2884852;0.3328962;0.3445907;0.7661356;0.4283382;0.07771245;2.646496;0.2922521;0.3328962;0.3445907;0.7661356;0.4283382;0.1047059;2.568844;0.2515699;0.2791943;0.3113487;0.865524;0.2756463;0.07844102;2.593548;0.2633976;0.2479052;0.3361781;0.8369713;0.3535627;0.0636531;2.611435;0.2675781;0.2267171;0.3506112;0.8149076;0.4019915;0.05313213;2.626358;0.2691841;0.2267171;0.3506112;0.8149076;0.4019915;0.0959648;2.558083;0.2376743;0.1065208;0.2926102;0.9371302;0.1575422;0.06814152;2.568802;0.240898;0.06509537;0.3041302;0.9130043;0.2639896;0.05394602;2.577492;0.2402039;0.03007185;0.3102755;0.8819655;0.3534991;0.04287218;2.586994;0.2377422;0.03007185;0.3102755;0.8819655;0.3534991;
-8.809142E-21;2.599998;-5.746268E-20;0.4977095;0.5022801;0.4958968;0.5040699;0.1644452;2.508198;0.2259636;0.3678119;0.2824047;0.8490677;0.2530737;0.1889813;2.56163;0.2767332;0.7819182;0.4979974;0.374553;0.01769169;0.1954786;2.584663;0.2932522;0.7417141;0.5607192;0.3641528;0.05336155;0.1977847;2.603611;0.3037054;0.7417141;0.5607192;0.3641528;0.05336155;0.134801;2.577839;0.2871146;0.4981973;0.2740493;0.759844;0.3151728;0.1236657;2.605328;0.3084748;0.4664439;0.3250533;0.7224973;0.393406;0.1184024;2.623314;0.3171037;0.4410396;0.3581538;0.6929781;0.4438376;0.1149839;2.637981;0.3217251;0.4410396;0.3581538;0.6929781;0.4438376;0.1181268;2.570087;0.2784209;0.3842881;0.2541131;0.835152;0.3004509;0.09662513;2.598713;0.2985085;0.3546282;0.2927777;0.8005489;0.3842423;0.0856331;2.618683;0.3068256;0.3274856;0.3221372;0.765883;0.449894;0.07893954;2.63451;0.3105493;0.3274856;0.3221372;0.765883;0.449894;0.1062355;2.55978;0.2652346;0.2731588;0.2756401;0.8775185;0.281724;0.07991387;2.58432;0.2775612;0.2406381;0.3042722;0.8409986;0.3771387;0.06572734;2.602787;0.2816992;0.2167966;0.3216062;0.8102248;0.4394372;0.05616744;2.618446;0.282962;0.2167966;0.3216062;0.8102248;0.4394372;0.09778379;2.550343;0.2501345;0.07939777;0.259159;0.9442171;0.1870483;0.07018972;2.562191;0.251716;0.0413709;0.2680372;0.912774;0.3054315;0.05664335;2.57188;0.25023;0.01277155;0.2713094;0.8772665;0.3957675;0.04645092;2.582294;0.2473737;0.01277155;0.2713094;0.8772665;0.3957675;
-8.809142E-21;2.599998;-5.746268E-20;0.4977095;0.5022801;0.4958968;0.5040699;0.1728264;2.507523;0.2217229;0.4462106;0.1938292;0.8713568;0.06374702;0.1853054;2.551277;0.2848759;0.6670672;0.6097447;0.425846;-0.04345326;0.1821716;2.574116;0.3030412;0.5678854;0.700336;0.4322377;0.01437393;0.1743468;2.591942;0.31343;0.5678854;0.700336;0.4322377;0.01437393;0.1401824;2.549671;0.3068524;0.5137289;0.2363719;0.7990345;0.2043405;0.1259073;2.570545;0.3333815;0.4728687;0.303048;0.7689736;0.3053473;0.1183182;2.586197;0.3445893;0.4387715;0.3471727;0.7399846;0.3733279;0.1130072;2.599739;0.3507524;0.4387715;0.3471727;0.7399846;0.3733279;0.1236407;2.542496;0.2976146;0.4130192;0.1963178;0.8611981;0.2218386;0.1005957;2.56488;0.3232869;0.3769805;0.2521162;0.8256651;0.3355594;0.08867631;2.582962;0.3343009;0.3485091;0.2872293;0.7930493;0.4087954;0.08122268;2.597919;0.3399052;0.3485091;0.2872293;0.7930493;0.4087954;0.1115898;2.534775;0.2829101;0.306916;0.2092327;0.8899169;0.2647122;0.08602284;2.557629;0.2995044;0.2722044;0.2517122;0.8426296;0.3905402;0.0730789;2.576466;0.3057113;0.2460504;0.2770876;0.8014155;0.4694843;0.0650115;2.592834;0.3081827;0.2460504;0.2770876;0.8014155;0.4694843;0.1027497;2.529129;0.2662229;0.1219059;0.1804967;0.9252488;0.3106036;0.0792141;2.547886;0.2696121;0.1021753;0.1935471;0.8753294;0.4311592;0.06896973;2.561291;0.2698005;0.09695399;0.1975385;0.8545888;0.4703794;0.06091107;2.573891;0.2694992;0.09695399;0.1975385;0.8545888;0.4703794;
-8.809142E-21;2.599998;-5.746268E-20;0.4977095;0.5022801;0.4958968;0.5040699;0.1812554;2.490604;0.223012;0.4741355;0.2883241;0.8055146;-0.2078728;0.1781065;2.528423;0.2853253;0.5245854;0.7303446;0.4116562;-0.1481428;0.1661752;2.547379;0.3041745;0.4136493;0.796163;0.4318297;-0.0924233;0.1521301;2.560066;0.3152321;0.4136493;0.796163;0.4318297;-0.0924233;0.1509658;2.506985;0.3164907;0.4766577;0.3221985;0.8154596;0.06333496;0.1312754;2.522011;0.3432624;0.404309;0.4017918;0.7965407;0.2015459;0.1190819;2.535351;0.353128;0.3520637;0.4454999;0.7720323;0.2855654;0.1098063;2.547234;0.3576818;0.3520637;0.4454999;0.7720323;0.2855654;0.1358154;2.495834;0.3090304;0.427323;0.2535002;0.8625529;0.0955798;0.1105083;2.511425;0.3371171;0.3611284;0.3355526;0.8284259;0.2658969;0.09606899;2.527924;0.3472043;0.3194635;0.3737722;0.7962803;0.352385;0.08649602;2.541912;0.351494;0.3194635;0.3737722;0.7962803;0.352385;0.1237703;2.486389;0.2953947;0.3453351;0.251213;0.8878484;0.1713507;0.09706631;2.504486;0.3153337;0.2826879;0.3179587;0.8344511;0.3502595;0.08307537;2.522465;0.3211669;0.2419917;0.349458;0.7888528;0.4438818;0.0741353;2.538364;0.3224757;0.2419917;0.349458;0.7888528;0.4438818;0.1137776;2.480675;0.279658;0.2070403;0.2246786;0.8810064;0.3612222;0.09410229;2.502602;0.2857859;0.1763812;0.2519826;0.8044597;0.5081725;0.08704578;2.517792;0.2862846;0.1785412;0.2506024;0.8114179;0.4969131;0.08047021;2.531109;0.2868891;0.1785412;0.2506024;0.8114179;0.4969131;
-8.809142E-21;2.599998;-5.746268E-20;0.4977095;0.5022801;0.4958968;0.5040699;0.2001933;2.470474;0.2001504;-0.4325158;-0.3977014;-0.6354095;0.5010174;0.1766618;2.503391;0.2588668;0.2516218;0.865254;0.272484;-0.3373047;0.1576769;2.510708;0.2797052;0.08647652;0.8893441;0.3345709;-0.2994182;0.1400387;2.509689;0.2926303;0.08647652;0.8893441;0.3345709;-0.2994182;0.1878804;2.470062;0.2965573;0.3311148;0.5429323;0.7626266;-0.1182726;0.1602901;2.47673;0.3195501;0.1292245;0.6243719;0.7567203;0.144345;0.141086;2.484695;0.3198252;0.002804399;0.638461;0.712549;0.2909193;0.1278386;2.491364;0.3139649;0.002804399;0.638461;0.712549;0.2909193;0.1817762;2.451324;0.2914317;0.3257186;0.4626344;0.8212713;-0.07342079;0.1499576;2.458866;0.3159996;0.1259955;0.5527775;0.7879054;0.2403484;0.1292001;2.471581;0.3143381;0.02372494;0.567149;0.7316852;0.3773805;0.1165329;2.481853;0.3073605;0.02372494;0.567149;0.7316852;0.3773805;0.1749563;2.435814;0.2796727;0.3846551;0.3417252;0.830099;-0.2149428;0.151359;2.432018;0.3093158;0.2152899;0.4640625;0.8505977;0.1215734;0.1308526;2.441467;0.31512;0.07835338;0.507495;0.7868605;0.3422873;0.1173027;2.452587;0.3110895;0.07835338;0.507495;0.7868605;0.3422873;0.1669035;2.423725;0.2666337;0.2124258;0.3673728;0.8906924;0.1630323;0.1413297;2.437042;0.2742462;0.1243518;0.4058454;0.8295099;0.3629594;0.1297223;2.448597;0.2727593;0.1518548;0.3951531;0.8511087;0.3104965;0.1185213;2.458141;0.2729518;0.1518548;0.3951531;0.8511087;0.3104965;
-8.809142E-21;2.599998;-5.746268E-20;0.4977095;0.5022801;0.4958968;0.5040699;0.215655;2.434277;0.1813464;-0.3850139;-0.5048077;-0.4807096;0.6048571;0.1817439;2.457577;0.2394161;-0.0173578;-0.8839455;-0.2322829;0.4054431;0.1621881;2.453033;0.260282;0.1705752;-0.8612754;-0.3114188;0.3634937;0.147505;2.441761;0.2715486;0.1705752;-0.8612754;-0.3114188;0.3634937;0.2093593;2.439835;0.2770019;0.2147752;0.6174322;0.7185578;-0.237327;0.1805097;2.437096;0.2986535;-0.0003020465;0.6563766;0.7538102;0.03066421;0.1601881;2.43803;0.297807;-0.1517437;0.6374019;0.7237604;0.2164813;0.1468585;2.439888;0.290127;-0.1517437;0.6374019;0.7237604;0.2164813;0.2097332;2.419956;0.2728874;0.2228458;0.5596622;0.7823809;-0.1581091;0.1751713;2.420036;0.2940768;0.0109975;0.6034387;0.7839285;0.1455931;0.1522112;2.425823;0.2902597;-0.0863646;0.5955758;0.7486548;0.278114;0.1378503;2.431244;0.2822945;-0.0863646;0.5955758;0.7486548;0.278114;0.2080309;2.402313;0.262436;0.3910271;0.4121968;0.7220478;-0.3947639;0.1937239;2.39296;0.2956766;0.1965842;0.5379474;0.8170594;-0.06619245;0.1724551;2.395355;0.3047168;0.07236549;0.5682414;0.810317;0.1234976;0.1550719;2.400475;0.3042987;0.07236549;0.5682414;0.810317;0.1234976;0.2040568;2.38731;0.2505758;0.168257;0.4520887;0.8749799;0.04142499;0.1759748;2.394012;0.2581484;0.08572575;0.4759811;0.8476831;0.2180072;0.1613416;2.401432;0.257091;0.1093032;0.4711455;0.8575194;0.1753157;0.1479534;2.407341;0.2574167;0.1093032;0.4711455;0.8575194;0.1753157;
-8.809142E-21;2.599998;-5.746268E-20;0.4977095;0.5022801;0.4958968;0.5040699;0.2374135;2.399918;0.1593444;-0.4038385;-0.5334952;-0.4240725;0.6102949;0.2058887;2.426888;0.2174505;-0.0340275;-0.8844957;-0.2127943;0.4137972;0.1871282;2.423561;0.2388038;0.1523693;-0.8697932;-0.2944983;0.3653963;0.1724849;2.413319;0.2504473;0.1523693;-0.8697932;-0.2944983;0.3653963;0.2327834;2.409813;0.2548951;0.2177969;0.6318108;0.7075036;-0.229823;0.2039795;2.408012;0.2764456;0.03245589;0.6739495;0.737891;0.01599464;0.1838202;2.409359;0.276969;-0.08434924;0.6670429;0.7209861;0.1676849;0.1694584;2.411358;0.2716333;-0.08434924;0.6670429;0.7209861;0.1676849;0.2334325;2.389988;0.2511151;0.2214722;0.5705537;0.7753201;-0.1558766;0.1989143;2.390434;0.2721806;0.05275607;0.6137487;0.7810075;0.1027461;0.1756451;2.395798;0.2711186;-0.02830324;0.6134742;0.7576293;0.221012;0.1600751;2.400986;0.26569;-0.02830324;0.6134742;0.7576293;0.221012;0.2320066;2.372208;0.2410329;0.3749922;0.4337953;0.7321301;-0.3676794;0.2152188;2.364243;0.2735728;0.1861732;0.5460781;0.8146806;-0.05860105;0.1937221;2.366756;0.28211;0.08756888;0.5702589;0.8118458;0.08968437;0.1761407;2.371212;0.2828344;0.08756888;0.5702589;0.8118458;0.08968437;0.2278302;2.35722;0.2293793;0.1705912;0.4555179;0.8734891;0.02046362;0.1997502;2.362919;0.2376895;0.1021376;0.478025;0.8525494;0.1849861;0.1847204;2.369736;0.2376312;0.1114106;0.4761233;0.8576776;0.1590079;0.1711519;2.375294;0.2382135;0.1114106;0.4761233;0.8576776;0.1590079;
???Right;invalid_hand;
???Right;invalid_hand;
???Right;invalid_hand;
???Right;invalid_hand;
???Right;invalid_hand;
???Right;invalid_hand;
???Right;invalid_hand;
???Right;invalid_hand;
???Right;invalid_hand;
???Right;invalid_hand;
???Right;invalid_hand;
???Right;invalid_hand;
???Right;invalid_hand;
???Right;invalid_hand;
???Right;invalid_hand;
???Right;invalid_hand;
???Right;invalid_hand;
???Right;invalid_hand;
???Right;invalid_hand;
???Right;invalid_hand;
???Right;invalid_hand;
???Right;invalid_hand;
???Right;invalid_hand;
???Right;invalid_hand;
???Right;invalid_hand;
???Right;invalid_hand;
???Right;invalid_hand;
???Right;invalid_hand;
???Right;invalid_hand;
???Right;invalid_hand;
???Right;invalid_hand;
???Right;invalid_hand;
???Right;invalid_hand;
???Right;invalid_hand;

