//wrist position
-8.809142E-21;
2.6;
-5.746268E-20;

//wrist rotation
0.4977095;
0.5022801;
0.4958968;
0.5040699;

//palm position
0.1761432;
2.52824;
0.3464427;

//palm rotation
-0.4361074;
-0.7670456;
0.4226879;
0.2068487;


0.1014143;
2.544286;
0.3420143;
0.05835825;
0.4617344;
-0.8530526;
-0.2360016;
0.07493714;
2.557993;
0.3455704;
-0.002469346;
0.4652806;
-0.8146024;
-0.3463104;
0.05790795;
2.570582;
0.3528802;
-0.002469346;
0.4652806;
-0.8146024;
-0.3463104;
0.1044609;
2.587812;
0.3295932;
0.3593005;
0.8008474;
-0.4666978;
-0.1083508;
0.07727885;
2.613416;
0.3234693;
0.2661137;
0.8364369;
-0.4514554;
-0.1604522;
0.06011299;
2.625969;
0.3240681;
0.2129442;
0.8515311;
-0.4404942;
-0.1884533;
0.04649983;
2.634554;
0.3262335;
0.2129442;
0.8515311;
-0.4404942;
-0.1884533;
0.1183723;
2.598174;
0.3393831;
0.4504146;
0.797689;
-0.3762889;
-0.1386566;
0.09478454;
2.633101;
0.3343856;
0.3636881;
0.8407685;
-0.3598183;
-0.1771169;
0.07794933;
2.651597;
0.3352897;
0.3178136;
0.8591706;
-0.3498558;
-0.1960143;
0.06490546;
2.663955;
0.3373595;
0.3178136;
0.8591706;
-0.3498558;
-0.1960143;
0.1338743;
2.602237;
0.3517125;
0.4761661;
0.7954833;
-0.3141406;
-0.2044211;
0.1156588;
2.637099;
0.3527386;
0.4092108;
0.8319089;
-0.2962739;
-0.2295563;
0.1020122;
2.657017;
0.3561394;
0.3686624;
0.8506546;
-0.2848724;
-0.2435619;
0.09046496;
2.671528;
0.3600103;
0.3686624;
0.8506546;
-0.2848724;
-0.2435619;
0.1475056;
2.602755;
0.3652134;
0.5827386;
0.7416467;
-0.2056434;
-0.2609344;
0.1417539;
2.633022;
0.369804;
0.512713;
0.7914569;
-0.1798926;
-0.2799293;
0.136288;
2.648726;
0.3742563;
0.4820334;
0.810393;
-0.1686623;
-0.2871589;
0.1306065;
2.662197;
0.378902;
0.4820334;
0.810393;
-0.1686623;
-0.2871589;
